 2.50000000e+01  0.00000000e+00  8.00000000e-01  0.00000000e+00  0.00000000e+00  7.03255655e-09 -1.40905607e-08  7.03255655e-09  2.54477059e-11 
 2.50000000e+01  0.00000000e+00  8.00000000e-01  5.00000000e-02  0.00000000e+00  1.10566039e-05 -1.35724234e-08 -1.10430595e-05  2.80061798e-11 
 2.50000000e+01  0.00000000e+00  8.00000000e-01  1.00000000e-01  0.00000000e+00  2.10597086e-05 -1.30886688e-08 -2.10466508e-05  3.08204652e-11 
 2.50000000e+01  0.00000000e+00  8.00000000e-01  1.50000000e-01  0.00000000e+00  3.00266495e-05 -1.26675237e-08 -3.00140159e-05  3.39160581e-11 
 2.50000000e+01  0.00000000e+00  8.00000000e-01  2.00000000e-01  0.00000000e+00  3.79624024e-05 -1.23010686e-08 -3.79501386e-05  3.73211015e-11 
 2.50000000e+01  0.00000000e+00  8.00000000e-01  2.50000000e-01  0.00000000e+00  4.48626180e-05 -1.19866395e-08 -4.48506725e-05  4.10667824e-11 
 2.50000000e+01  0.00000000e+00  8.00000000e-01  3.00000000e-01  0.00000000e+00  5.07103745e-05 -1.17255476e-08 -5.06986941e-05  4.51878696e-11 
 2.50000000e+01  0.00000000e+00  8.00000000e-01  3.50000000e-01  0.00000000e+00  5.54929510e-05 -1.15231769e-08 -5.54814775e-05  4.97232149e-11 
 2.50000000e+01  0.00000000e+00  8.00000000e-01  4.00000000e-01  0.00000000e+00  5.92813024e-05 -1.13841558e-08 -5.92699729e-05  5.47153315e-11 
 2.50000000e+01  0.00000000e+00  8.00000000e-01  4.50000000e-01  0.00000000e+00  6.23080999e-05 -1.13030918e-08 -6.22968570e-05  6.02089139e-11 
 2.50000000e+01  0.00000000e+00  8.00000000e-01  5.00000000e-01  0.00000000e+00  6.48651687e-05 -1.12662810e-08 -6.48539686e-05  6.62511827e-11 
 2.50000000e+01  0.00000000e+00  8.00000000e-01  5.50000000e-01  0.00000000e+00  6.71629143e-05 -1.12612069e-08 -6.71517260e-05  7.28939715e-11 
 2.50000000e+01  0.00000000e+00  8.00000000e-01  6.00000000e-01  0.00000000e+00  6.93188071e-05 -1.12796534e-08 -6.93076076e-05  8.01948786e-11 
 2.50000000e+01  0.00000000e+00  8.00000000e-01  6.50000000e-01  0.00000000e+00  7.13948754e-05 -1.13223002e-08 -7.13836414e-05  8.82176462e-11 
 2.50000000e+01  0.00000000e+00  8.00000000e-01  7.00000000e-01  0.00000000e+00  7.34248768e-05 -1.13881273e-08 -7.34135857e-05  9.70325071e-11 
 2.50000000e+01  0.00000000e+00  8.00000000e-01  7.50000000e-01  0.00000000e+00  7.54281810e-05 -1.14489809e-08 -7.54168387e-05  1.06716658e-10 
 2.50000000e+01  0.00000000e+00  8.00000000e-01  8.00000000e-01  0.00000000e+00  7.74164977e-05 -1.15017686e-08 -7.74051133e-05  1.17354848e-10 
 2.50000000e+01  5.00000000e-02  8.00000000e-01  0.00000000e+00  0.00000000e+00 -1.10430595e-05 -1.35724234e-08  1.10566039e-05  2.80061798e-11 
 2.50000000e+01  5.00000000e-02  8.00000000e-01  5.00000000e-02  0.00000000e+00  5.54466919e-09 -1.11010516e-08  5.54466919e-09  1.17129845e-11 
 2.50000000e+01  5.00000000e-02  8.00000000e-01  1.00000000e-01  0.00000000e+00  1.04528327e-05 -1.06698963e-08 -1.04421757e-05  1.28964498e-11 
 2.50000000e+01  5.00000000e-02  8.00000000e-01  1.50000000e-01  0.00000000e+00  1.97729434e-05 -1.02717599e-08 -1.97626858e-05  1.41991652e-11 
 2.50000000e+01  5.00000000e-02  8.00000000e-01  2.00000000e-01  0.00000000e+00  2.79782569e-05 -9.92836058e-09 -2.79683441e-05  1.56332060e-11 
 2.50000000e+01  5.00000000e-02  8.00000000e-01  2.50000000e-01  0.00000000e+00  3.50737565e-05 -9.63373759e-09 -3.50641400e-05  1.72120508e-11 
 2.50000000e+01  5.00000000e-02  8.00000000e-01  3.00000000e-01  0.00000000e+00  4.10535252e-05 -9.38700140e-09 -4.10441571e-05  1.89509303e-11 
 2.50000000e+01  5.00000000e-02  8.00000000e-01  3.50000000e-01  0.00000000e+00  4.59110291e-05 -9.19142185e-09 -4.59018585e-05  2.08672476e-11 
 2.50000000e+01  5.00000000e-02  8.00000000e-01  4.00000000e-01  0.00000000e+00  4.97093469e-05 -9.05154041e-09 -4.97003183e-05  2.29803662e-11 
 2.50000000e+01  5.00000000e-02  8.00000000e-01  4.50000000e-01  0.00000000e+00  5.26826800e-05 -8.96444119e-09 -5.26737408e-05  2.53100201e-11 
 2.50000000e+01  5.00000000e-02  8.00000000e-01  5.00000000e-01  0.00000000e+00  5.51522338e-05 -8.91843799e-09 -5.51433433e-05  2.78758679e-11 
 2.50000000e+01  5.00000000e-02  8.00000000e-01  5.50000000e-01  0.00000000e+00  5.73541439e-05 -8.90192697e-09 -5.73452726e-05  3.06992704e-11 
 2.50000000e+01  5.00000000e-02  8.00000000e-01  6.00000000e-01  0.00000000e+00  5.94164446e-05 -8.90722784e-09 -5.94075711e-05  3.38043624e-11 
 2.50000000e+01  5.00000000e-02  8.00000000e-01  6.50000000e-01  0.00000000e+00  6.14039461e-05 -8.93537666e-09 -6.13950479e-05  3.72181905e-11 
 2.50000000e+01  5.00000000e-02  8.00000000e-01  7.00000000e-01  0.00000000e+00  6.33506060e-05 -8.98557584e-09 -6.33416614e-05  4.09707518e-11 
 2.50000000e+01  5.00000000e-02  8.00000000e-01  7.50000000e-01  0.00000000e+00  6.52753174e-05 -9.02979935e-09 -6.52663327e-05  4.50951375e-11 
 2.50000000e+01  5.00000000e-02  8.00000000e-01  8.00000000e-01  0.00000000e+00  6.71892164e-05 -9.06501851e-09 -6.71802011e-05  4.96277602e-11 
 2.50000000e+01  1.00000000e-01  8.00000000e-01  0.00000000e+00  0.00000000e+00 -2.10466508e-05 -1.30886688e-08  2.10597086e-05  3.08204652e-11 
 2.50000000e+01  1.00000000e-01  8.00000000e-01  5.00000000e-02  0.00000000e+00 -1.04421757e-05 -1.06698963e-08  1.04528327e-05  1.28964498e-11 
 2.50000000e+01  1.00000000e-01  8.00000000e-01  1.00000000e-01  0.00000000e+00  4.29161447e-09 -8.58861338e-09  4.29161447e-09  5.38424209e-12 
 2.50000000e+01  1.00000000e-01  8.00000000e-01  1.50000000e-01  0.00000000e+00  9.71183271e-06 -8.23333290e-09 -9.70360531e-06  5.93059802e-12 
 2.50000000e+01  1.00000000e-01  8.00000000e-01  2.00000000e-01  0.00000000e+00  1.82066424e-05 -7.90964316e-09 -1.81987393e-05  6.53267249e-12 
 2.50000000e+01  1.00000000e-01  8.00000000e-01  2.50000000e-01  0.00000000e+00  2.55036162e-05 -7.63396968e-09 -2.54959894e-05  7.19631293e-12 
 2.50000000e+01  1.00000000e-01  8.00000000e-01  3.00000000e-01  0.00000000e+00  3.16089701e-05 -7.40233275e-09 -3.16015757e-05  7.92826244e-12 
 2.50000000e+01  1.00000000e-01  8.00000000e-01  3.50000000e-01  0.00000000e+00  3.65262683e-05 -7.21575932e-09 -3.65190613e-05  8.73652314e-12 
 2.50000000e+01  1.00000000e-01  8.00000000e-01  4.00000000e-01  0.00000000e+00  4.03155844e-05 -7.07796977e-09 -4.03085160e-05  9.63039230e-12 
 2.50000000e+01  1.00000000e-01  8.00000000e-01  4.50000000e-01  0.00000000e+00  4.32127103e-05 -6.98795666e-09 -4.32057330e-05  1.06190792e-11 
 2.50000000e+01  1.00000000e-01  8.00000000e-01  5.00000000e-01  0.00000000e+00  4.55714740e-05 -6.93607838e-09 -4.55645496e-05  1.17106447e-11 
 2.50000000e+01  1.00000000e-01  8.00000000e-01  5.50000000e-01  0.00000000e+00  4.76574093e-05 -6.91170698e-09 -4.76505105e-05  1.29134529e-11 
 2.50000000e+01  1.00000000e-01  8.00000000e-01  6.00000000e-01  0.00000000e+00  4.96093336e-05 -6.90773283e-09 -4.96024401e-05  1.42372998e-11 
 2.50000000e+01  1.00000000e-01  8.00000000e-01  6.50000000e-01  0.00000000e+00  5.14939789e-05 -6.92557101e-09 -5.14870690e-05  1.56934711e-11 
 2.50000000e+01  1.00000000e-01  8.00000000e-01  7.00000000e-01  0.00000000e+00  5.33447636e-05 -6.96466085e-09 -5.33378163e-05  1.72946455e-11 
 2.50000000e+01  1.00000000e-01  8.00000000e-01  7.50000000e-01  0.00000000e+00  5.51796215e-05 -6.99711844e-09 -5.51726434e-05  1.90548912e-11 
 2.50000000e+01  1.00000000e-01  8.00000000e-01  8.00000000e-01  0.00000000e+00  5.70088137e-05 -7.01999836e-09 -5.70018147e-05  2.09897353e-11 
 2.50000000e+01  1.50000000e-01  8.00000000e-01  0.00000000e+00  0.00000000e+00 -3.00140159e-05 -1.26675237e-08  3.00266495e-05  3.39160581e-11 
 2.50000000e+01  1.50000000e-01  8.00000000e-01  5.00000000e-02  0.00000000e+00 -1.97626858e-05 -1.02717599e-08  1.97729434e-05  1.41991652e-11 
 2.50000000e+01  1.50000000e-01  8.00000000e-01  1.00000000e-01  0.00000000e+00 -9.70360531e-06 -8.23333290e-09  9.71183271e-06  5.93059802e-12 
 2.50000000e+01  1.50000000e-01  8.00000000e-01  1.50000000e-01  0.00000000e+00  3.24602761e-09 -6.49453025e-09  3.24602761e-09  2.47524357e-12 
 2.50000000e+01  1.50000000e-01  8.00000000e-01  2.00000000e-01  0.00000000e+00  8.79590977e-06 -6.20484863e-09 -8.78970765e-06  2.72676274e-12 
 2.50000000e+01  1.50000000e-01  8.00000000e-01  2.50000000e-01  0.00000000e+00  1.62892069e-05 -5.94529292e-09 -1.62832646e-05  3.00451657e-12 
 2.50000000e+01  1.50000000e-01  8.00000000e-01  3.00000000e-01  0.00000000e+00  2.25020194e-05 -5.72812153e-09 -2.24962946e-05  3.31152783e-12 
 2.50000000e+01  1.50000000e-01  8.00000000e-01  3.50000000e-01  0.00000000e+00  2.74507883e-05 -5.55142443e-09 -2.74452405e-05  3.65158744e-12 
 2.50000000e+01  1.50000000e-01  8.00000000e-01  4.00000000e-01  0.00000000e+00  3.11981306e-05 -5.41747069e-09 -3.11927172e-05  4.02947776e-12 
 2.50000000e+01  1.50000000e-01  8.00000000e-01  4.50000000e-01  0.00000000e+00  3.39834591e-05 -5.32644928e-09 -3.39781371e-05  4.44999189e-12 
 2.50000000e+01  1.50000000e-01  8.00000000e-01  5.00000000e-01  0.00000000e+00  3.61977304e-05 -5.27069055e-09 -3.61924646e-05  4.91647724e-12 
 2.50000000e+01  1.50000000e-01  8.00000000e-01  5.50000000e-01  0.00000000e+00  3.81397978e-05 -5.24059085e-09 -3.81345626e-05  5.43187325e-12 
 2.50000000e+01  1.50000000e-01  8.00000000e-01  6.00000000e-01  0.00000000e+00  3.99585280e-05 -5.22964139e-09 -3.99533044e-05  5.99992203e-12 
 2.50000000e+01  1.50000000e-01  8.00000000e-01  6.50000000e-01  0.00000000e+00  4.17209548e-05 -5.23964894e-09 -4.17157218e-05  6.62522278e-12 
 2.50000000e+01  1.50000000e-01  8.00000000e-01  7.00000000e-01  0.00000000e+00  4.34588371e-05 -5.27029287e-09 -4.34535741e-05  7.31308046e-12 
 2.50000000e+01  1.50000000e-01  8.00000000e-01  7.50000000e-01  0.00000000e+00  4.51884889e-05 -5.29383093e-09 -4.51832031e-05  8.06944371e-12 
 2.50000000e+01  1.50000000e-01  8.00000000e-01  8.00000000e-01  0.00000000e+00  4.69189088e-05 -5.30740474e-09 -4.69136103e-05  8.90090786e-12 
 2.50000000e+01  2.00000000e-01  8.00000000e-01  0.00000000e+00  0.00000000e+00 -3.79501386e-05 -1.23010686e-08  3.79624024e-05  3.73211015e-11 
 2.50000000e+01  2.00000000e-01  8.00000000e-01  5.00000000e-02  0.00000000e+00 -2.79683441e-05 -9.92836058e-09  2.79782569e-05  1.56332060e-11 
 2.50000000e+01  2.00000000e-01  8.00000000e-01  1.00000000e-01  0.00000000e+00 -1.81987393e-05 -7.90964316e-09  1.82066424e-05  6.53267249e-12 
 2.50000000e+01  2.00000000e-01  8.00000000e-01  1.50000000e-01  0.00000000e+00 -8.78970765e-06 -6.20484863e-09  8.79590977e-06  2.72676274e-12 
 2.50000000e+01  2.00000000e-01  8.00000000e-01  2.00000000e-01  0.00000000e+00  2.38344723e-09 -4.76803752e-09  2.38344723e-09  1.14342177e-12 
 2.50000000e+01  2.00000000e-01  8.00000000e-01  2.50000000e-01  0.00000000e+00  7.65980392e-06 -4.53457916e-09 -7.65527060e-06  1.25869774e-12 
 2.50000000e+01  2.00000000e-01  8.00000000e-01  3.00000000e-01  0.00000000e+00  1.39391483e-05 -4.32979741e-09 -1.39348199e-05  1.38656682e-12 
 2.50000000e+01  2.00000000e-01  8.00000000e-01  3.50000000e-01  0.00000000e+00  1.88702105e-05 -4.16285895e-09 -1.88660492e-05  1.52885643e-12 
 2.50000000e+01  2.00000000e-01  8.00000000e-01  4.00000000e-01  0.00000000e+00  2.25221656e-05 -4.03369294e-09 -2.25181336e-05  1.68816503e-12 
 2.50000000e+01  2.00000000e-01  8.00000000e-01  4.50000000e-01  0.00000000e+00  2.51410289e-05 -3.94288069e-09 -2.51370879e-05  1.86735451e-12 
 2.50000000e+01  2.00000000e-01  8.00000000e-01  5.00000000e-01  0.00000000e+00  2.71613769e-05 -3.88452981e-09 -2.71574945e-05  2.06797718e-12 
 2.50000000e+01  2.00000000e-01  8.00000000e-01  5.50000000e-01  0.00000000e+00  2.89196747e-05 -3.85008714e-09 -2.89158269e-05  2.29081434e-12 
 2.50000000e+01  2.00000000e-01  8.00000000e-01  6.00000000e-01  0.00000000e+00  3.05725710e-05 -3.83367094e-09 -3.05687399e-05  2.53712245e-12 
 2.50000000e+01  2.00000000e-01  8.00000000e-01  6.50000000e-01  0.00000000e+00  3.21847581e-05 -3.83748544e-09 -3.21809234e-05  2.80871385e-12 
 2.50000000e+01  2.00000000e-01  8.00000000e-01  7.00000000e-01  0.00000000e+00  3.37847893e-05 -3.86144472e-09 -3.37809310e-05  3.10779109e-12 
 2.50000000e+01  2.00000000e-01  8.00000000e-01  7.50000000e-01  0.00000000e+00  3.53865318e-05 -3.87794108e-09 -3.53826573e-05  3.43686811e-12 
 2.50000000e+01  2.00000000e-01  8.00000000e-01  8.00000000e-01  0.00000000e+00  3.69972601e-05 -3.88419474e-09 -3.69933797e-05  3.79875033e-12 
 2.50000000e+01  2.50000000e-01  8.00000000e-01  0.00000000e+00  0.00000000e+00 -4.48506725e-05 -1.19866395e-08  4.48626180e-05  4.10667824e-11 
 2.50000000e+01  2.50000000e-01  8.00000000e-01  5.00000000e-02  0.00000000e+00 -3.50641400e-05 -9.63373759e-09  3.50737565e-05  1.72120508e-11 
 2.50000000e+01  2.50000000e-01  8.00000000e-01  1.00000000e-01  0.00000000e+00 -2.54959894e-05 -7.63396968e-09  2.55036162e-05  7.19631293e-12 
 2.50000000e+01  2.50000000e-01  8.00000000e-01  1.50000000e-01  0.00000000e+00 -1.62832646e-05 -5.94529292e-09  1.62892069e-05  3.00451657e-12 
 2.50000000e+01  2.50000000e-01  8.00000000e-01  2.00000000e-01  0.00000000e+00 -7.65527060e-06 -4.53457916e-09  7.65980392e-06  1.25869774e-12 
 2.50000000e+01  2.50000000e-01  8.00000000e-01  2.50000000e-01  0.00000000e+00  1.68196181e-09 -3.36446138e-09  1.68196181e-09  5.37638606e-13 
 2.50000000e+01  2.50000000e-01  8.00000000e-01  3.00000000e-01  0.00000000e+00  6.26321371e-06 -3.17876125e-09 -6.26003554e-06  5.90118557e-13 
 2.50000000e+01  2.50000000e-01  8.00000000e-01  3.50000000e-01  0.00000000e+00  1.10967526e-05 -3.02036551e-09 -1.10937329e-05  6.48913007e-13 
 2.50000000e+01  2.50000000e-01  8.00000000e-01  4.00000000e-01  0.00000000e+00  1.45755596e-05 -2.89624924e-09 -1.45726641e-05  7.15429171e-13 
 2.50000000e+01  2.50000000e-01  8.00000000e-01  4.50000000e-01  0.00000000e+00  1.69501566e-05 -2.80632917e-09 -1.69473510e-05  7.91532063e-13 
 2.50000000e+01  2.50000000e-01  8.00000000e-01  5.00000000e-01  0.00000000e+00  1.87058792e-05 -2.74619261e-09 -1.87031339e-05  8.78163844e-13 
 2.50000000e+01  2.50000000e-01  8.00000000e-01  5.50000000e-01  0.00000000e+00  2.02225579e-05 -2.70833000e-09 -2.02198505e-05  9.75357155e-13 
 2.50000000e+01  2.50000000e-01  8.00000000e-01  6.00000000e-01  0.00000000e+00  2.16608027e-05 -2.68749556e-09 -2.16581163e-05  1.08341961e-12 
 2.50000000e+01  2.50000000e-01  8.00000000e-01  6.50000000e-01  0.00000000e+00  2.30794440e-05 -2.68628586e-09 -2.30767589e-05  1.20304588e-12 
 2.50000000e+01  2.50000000e-01  8.00000000e-01  7.00000000e-01  0.00000000e+00  2.45020813e-05 -2.70483169e-09 -2.44993778e-05  1.33516029e-12 
 2.50000000e+01  2.50000000e-01  8.00000000e-01  7.50000000e-01  0.00000000e+00  2.59393060e-05 -2.71564682e-09 -2.59365919e-05  1.48084288e-12 
 2.50000000e+01  2.50000000e-01  8.00000000e-01  8.00000000e-01  0.00000000e+00  2.73962388e-05 -2.71601985e-09 -2.73935244e-05  1.64130631e-12 
 2.50000000e+01  3.00000000e-01  8.00000000e-01  0.00000000e+00  0.00000000e+00 -5.06986941e-05 -1.17255476e-08  5.07103745e-05  4.51878696e-11 
 2.50000000e+01  3.00000000e-01  8.00000000e-01  5.00000000e-02  0.00000000e+00 -4.10441571e-05 -9.38700140e-09  4.10535252e-05  1.89509303e-11 
 2.50000000e+01  3.00000000e-01  8.00000000e-01  1.00000000e-01  0.00000000e+00 -3.16015757e-05 -7.40233275e-09  3.16089701e-05  7.92826244e-12 
 2.50000000e+01  3.00000000e-01  8.00000000e-01  1.50000000e-01  0.00000000e+00 -2.24962946e-05 -5.72812153e-09  2.25020194e-05  3.31152783e-12 
 2.50000000e+01  3.00000000e-01  8.00000000e-01  2.00000000e-01  0.00000000e+00 -1.39348199e-05 -4.32979741e-09  1.39391483e-05  1.38656682e-12 
 2.50000000e+01  3.00000000e-01  8.00000000e-01  2.50000000e-01  0.00000000e+00 -6.26003554e-06 -3.17876125e-09  6.26321371e-06  5.90118557e-13 
 2.50000000e+01  3.00000000e-01  8.00000000e-01  3.00000000e-01  0.00000000e+00  1.12178719e-09 -2.24383956e-09  1.12178719e-09  2.64860213e-13 
 2.50000000e+01  3.00000000e-01  8.00000000e-01  3.50000000e-01  0.00000000e+00  4.61623514e-06 -2.09841500e-09 -4.61413701e-06  2.88538487e-13 
 2.50000000e+01  3.00000000e-01  8.00000000e-01  4.00000000e-01  0.00000000e+00  7.83157602e-06 -1.97896699e-09 -7.82959736e-06  3.15652582e-13 
 2.50000000e+01  3.00000000e-01  8.00000000e-01  4.50000000e-01  0.00000000e+00  9.87573702e-06 -1.89019222e-09 -9.87384718e-06  3.47369391e-13 
 2.50000000e+01  3.00000000e-01  8.00000000e-01  5.00000000e-01  0.00000000e+00  1.12791831e-05 -1.82871784e-09 -1.12773548e-05  3.84438133e-13 
 2.50000000e+01  3.00000000e-01  8.00000000e-01  5.50000000e-01  0.00000000e+00  1.24762314e-05 -1.78806836e-09 -1.24744438e-05  4.26742720e-13 
 2.50000000e+01  3.00000000e-01  8.00000000e-01  6.00000000e-01  0.00000000e+00  1.36289288e-05 -1.76360460e-09 -1.36271657e-05  4.74294243e-13 
 2.50000000e+01  3.00000000e-01  8.00000000e-01  6.50000000e-01  0.00000000e+00  1.47873312e-05 -1.75828219e-09 -1.47855735e-05  5.27375124e-13 
 2.50000000e+01  3.00000000e-01  8.00000000e-01  7.00000000e-01  0.00000000e+00  1.59690481e-05 -1.77242199e-09 -1.59672763e-05  5.86403747e-13 
 2.50000000e+01  3.00000000e-01  8.00000000e-01  7.50000000e-01  0.00000000e+00  1.71811324e-05 -1.77863746e-09 -1.71793544e-05  6.51875895e-13 
 2.50000000e+01  3.00000000e-01  8.00000000e-01  8.00000000e-01  0.00000000e+00  1.84265257e-05 -1.77427317e-09 -1.84247521e-05  7.24346678e-13 
 2.50000000e+01  3.50000000e-01  8.00000000e-01  0.00000000e+00  0.00000000e+00 -5.54814775e-05 -1.15231769e-08  5.54929510e-05  4.97232149e-11 
 2.50000000e+01  3.50000000e-01  8.00000000e-01  5.00000000e-02  0.00000000e+00 -4.59018585e-05 -9.19142185e-09  4.59110291e-05  2.08672476e-11 
 2.50000000e+01  3.50000000e-01  8.00000000e-01  1.00000000e-01  0.00000000e+00 -3.65190613e-05 -7.21575932e-09  3.65262683e-05  8.73652314e-12 
 2.50000000e+01  3.50000000e-01  8.00000000e-01  1.50000000e-01  0.00000000e+00 -2.74452405e-05 -5.55142443e-09  2.74507883e-05  3.65158744e-12 
 2.50000000e+01  3.50000000e-01  8.00000000e-01  2.00000000e-01  0.00000000e+00 -1.88660492e-05 -4.16285895e-09  1.88702105e-05  1.52885643e-12 
 2.50000000e+01  3.50000000e-01  8.00000000e-01  2.50000000e-01  0.00000000e+00 -1.10937329e-05 -3.02036551e-09  1.10967526e-05  6.48913007e-13 
 2.50000000e+01  3.50000000e-01  8.00000000e-01  3.00000000e-01  0.00000000e+00 -4.61413701e-06 -2.09841500e-09  4.61623514e-06  2.88538487e-13 
 2.50000000e+01  3.50000000e-01  8.00000000e-01  3.50000000e-01  0.00000000e+00  6.85960181e-10 -1.37206424e-09  6.85960181e-10  1.43791112e-13 
 2.50000000e+01  3.50000000e-01  8.00000000e-01  4.00000000e-01  0.00000000e+00  2.87811303e-06 -1.26050370e-09 -2.87685268e-06  1.54348721e-13 
 2.50000000e+01  3.50000000e-01  8.00000000e-01  4.50000000e-01  0.00000000e+00  4.56501343e-06 -1.17310917e-09 -4.56384049e-06  1.66931838e-13 
 2.50000000e+01  3.50000000e-01  8.00000000e-01  5.00000000e-01  0.00000000e+00  5.55792616e-06 -1.11067355e-09 -5.55681567e-06  1.82149612e-13 
 2.50000000e+01  3.50000000e-01  8.00000000e-01  5.50000000e-01  0.00000000e+00  6.36301385e-06 -1.06786646e-09 -6.36194619e-06  1.99971392e-13 
 2.50000000e+01  3.50000000e-01  8.00000000e-01  6.00000000e-01  0.00000000e+00  7.15270441e-06 -1.04058007e-09 -7.15166405e-06  2.20355174e-13 
 2.50000000e+01  3.50000000e-01  8.00000000e-01  6.50000000e-01  0.00000000e+00  7.96937064e-06 -1.03206776e-09 -7.96833882e-06  2.43445755e-13 
 2.50000000e+01  3.50000000e-01  8.00000000e-01  7.00000000e-01  0.00000000e+00  8.82592774e-06 -1.04279962e-09 -8.82488521e-06  2.69468574e-13 
 2.50000000e+01  3.50000000e-01  8.00000000e-01  7.50000000e-01  0.00000000e+00  9.72723371e-06 -1.04546483e-09 -9.72618855e-06  2.98687646e-13 
 2.50000000e+01  3.50000000e-01  8.00000000e-01  8.00000000e-01  0.00000000e+00  1.06752345e-05 -1.03744879e-09 -1.06741974e-05  3.31393551e-13 
 2.50000000e+01  4.00000000e-01  8.00000000e-01  0.00000000e+00  0.00000000e+00 -5.92699729e-05 -1.13841558e-08  5.92813024e-05  5.47153315e-11 
 2.50000000e+01  4.00000000e-01  8.00000000e-01  5.00000000e-02  0.00000000e+00 -4.97003183e-05 -9.05154041e-09  4.97093469e-05  2.29803662e-11 
 2.50000000e+01  4.00000000e-01  8.00000000e-01  1.00000000e-01  0.00000000e+00 -4.03085160e-05 -7.07796977e-09  4.03155844e-05  9.63039230e-12 
 2.50000000e+01  4.00000000e-01  8.00000000e-01  1.50000000e-01  0.00000000e+00 -3.11927172e-05 -5.41747069e-09  3.11981306e-05  4.02947776e-12 
 2.50000000e+01  4.00000000e-01  8.00000000e-01  2.00000000e-01  0.00000000e+00 -2.25181336e-05 -4.03369294e-09  2.25221656e-05  1.68816503e-12 
 2.50000000e+01  4.00000000e-01  8.00000000e-01  2.50000000e-01  0.00000000e+00 -1.45726641e-05 -2.89624924e-09  1.45755596e-05  7.15429171e-13 
 2.50000000e+01  4.00000000e-01  8.00000000e-01  3.00000000e-01  0.00000000e+00 -7.82959736e-06 -1.97896699e-09  7.83157602e-06  3.15652582e-13 
 2.50000000e+01  4.00000000e-01  8.00000000e-01  3.50000000e-01  0.00000000e+00 -2.87685268e-06 -1.26050370e-09  2.87811303e-06  1.54348721e-13 
 2.50000000e+01  4.00000000e-01  8.00000000e-01  4.00000000e-01  0.00000000e+00  3.68082931e-10 -7.36257055e-10  3.68082931e-10  9.12245292e-14 
 2.50000000e+01  4.00000000e-01  8.00000000e-01  4.50000000e-01  0.00000000e+00  1.41486716e-06 -6.52824905e-10 -1.41421443e-06  9.58150118e-14 
 2.50000000e+01  4.00000000e-01  8.00000000e-01  5.00000000e-01  0.00000000e+00  2.07946344e-06 -5.90240523e-10 -2.07887330e-06  1.01516907e-13 
 2.50000000e+01  4.00000000e-01  8.00000000e-01  5.50000000e-01  0.00000000e+00  2.50983597e-06 -5.46254153e-10 -2.50928983e-06  1.08436884e-13 
 2.50000000e+01  4.00000000e-01  8.00000000e-01  6.00000000e-01  0.00000000e+00  2.92662466e-06 -5.17295318e-10 -2.92610748e-06  1.16532753e-13 
 2.50000000e+01  4.00000000e-01  8.00000000e-01  6.50000000e-01  0.00000000e+00  3.37221370e-06 -5.06838349e-10 -3.37170699e-06  1.25883947e-13 
 2.50000000e+01  4.00000000e-01  8.00000000e-01  7.00000000e-01  0.00000000e+00  3.85797508e-06 -5.15458565e-10 -3.85745976e-06  1.36625240e-13 
 2.50000000e+01  4.00000000e-01  8.00000000e-01  7.50000000e-01  0.00000000e+00  4.38900467e-06 -5.15895771e-10 -4.38848892e-06  1.48915287e-13 
 2.50000000e+01  4.00000000e-01  8.00000000e-01  8.00000000e-01  0.00000000e+00  4.96841725e-06 -5.05561815e-10 -4.96791185e-06  1.62928796e-13 
 2.50000000e+01  4.50000000e-01  8.00000000e-01  0.00000000e+00  0.00000000e+00 -6.22968570e-05 -1.13030918e-08  6.23080999e-05  6.02089139e-11 
 2.50000000e+01  4.50000000e-01  8.00000000e-01  5.00000000e-02  0.00000000e+00 -5.26737408e-05 -8.96444119e-09  5.26826800e-05  2.53100201e-11 
 2.50000000e+01  4.50000000e-01  8.00000000e-01  1.00000000e-01  0.00000000e+00 -4.32057330e-05 -6.98795666e-09  4.32127103e-05  1.06190792e-11 
 2.50000000e+01  4.50000000e-01  8.00000000e-01  1.50000000e-01  0.00000000e+00 -3.39781371e-05 -5.32644928e-09  3.39834591e-05  4.44999189e-12 
 2.50000000e+01  4.50000000e-01  8.00000000e-01  2.00000000e-01  0.00000000e+00 -2.51370879e-05 -3.94288069e-09  2.51410289e-05  1.86735451e-12 
 2.50000000e+01  4.50000000e-01  8.00000000e-01  2.50000000e-01  0.00000000e+00 -1.69473510e-05 -2.80632917e-09  1.69501566e-05  7.91532063e-13 
 2.50000000e+01  4.50000000e-01  8.00000000e-01  3.00000000e-01  0.00000000e+00 -9.87384718e-06 -1.89019222e-09  9.87573702e-06  3.47369391e-13 
 2.50000000e+01  4.50000000e-01  8.00000000e-01  3.50000000e-01  0.00000000e+00 -4.56384049e-06 -1.17310917e-09  4.56501343e-06  1.66931838e-13 
 2.50000000e+01  4.50000000e-01  8.00000000e-01  4.00000000e-01  0.00000000e+00 -1.41421443e-06 -6.52824905e-10  1.41486716e-06  9.58150118e-14 
 2.50000000e+01  4.50000000e-01  8.00000000e-01  4.50000000e-01  0.00000000e+00  1.80374180e-10 -3.60818042e-10  1.80374180e-10  6.93639122e-14 
 2.50000000e+01  4.50000000e-01  8.00000000e-01  5.00000000e-01  0.00000000e+00  5.38762339e-07 -2.99580583e-10 -5.38462830e-07  7.12289377e-14 
 2.50000000e+01  4.50000000e-01  8.00000000e-01  5.50000000e-01  0.00000000e+00  7.53638758e-07 -2.55441224e-10 -7.53383391e-07  7.35853962e-14 
 2.50000000e+01  4.50000000e-01  8.00000000e-01  6.00000000e-01  0.00000000e+00  9.17555174e-07 -2.26011654e-10 -9.17329239e-07  7.64285743e-14 
 2.50000000e+01  4.50000000e-01  8.00000000e-01  6.50000000e-01  0.00000000e+00  1.09270193e-06 -2.14928297e-10 -1.09248708e-06  7.97776531e-14 
 2.50000000e+01  4.50000000e-01  8.00000000e-01  7.00000000e-01  0.00000000e+00  1.29025033e-06 -2.22825314e-10 -1.29002759e-06  8.36975725e-14 
 2.50000000e+01  4.50000000e-01  8.00000000e-01  7.50000000e-01  0.00000000e+00  1.51511516e-06 -2.22469820e-10 -1.51489278e-06  8.82713767e-14 
 2.50000000e+01  4.50000000e-01  8.00000000e-01  8.00000000e-01  0.00000000e+00  1.77103582e-06 -2.11285878e-10 -1.77082463e-06  9.35947358e-14 
 2.50000000e+01  5.00000000e-01  8.00000000e-01  0.00000000e+00  0.00000000e+00 -6.48539686e-05 -1.12662810e-08  6.48651687e-05  6.62511827e-11 
 2.50000000e+01  5.00000000e-01  8.00000000e-01  5.00000000e-02  0.00000000e+00 -5.51433433e-05 -8.91843799e-09  5.51522338e-05  2.78758679e-11 
 2.50000000e+01  5.00000000e-01  8.00000000e-01  1.00000000e-01  0.00000000e+00 -4.55645496e-05 -6.93607838e-09  4.55714740e-05  1.17106447e-11 
 2.50000000e+01  5.00000000e-01  8.00000000e-01  1.50000000e-01  0.00000000e+00 -3.61924646e-05 -5.27069055e-09  3.61977304e-05  4.91647724e-12 
 2.50000000e+01  5.00000000e-01  8.00000000e-01  2.00000000e-01  0.00000000e+00 -2.71574945e-05 -3.88452981e-09  2.71613769e-05  2.06797718e-12 
 2.50000000e+01  5.00000000e-01  8.00000000e-01  2.50000000e-01  0.00000000e+00 -1.87031339e-05 -2.74619261e-09  1.87058792e-05  8.78163844e-13 
 2.50000000e+01  5.00000000e-01  8.00000000e-01  3.00000000e-01  0.00000000e+00 -1.12773548e-05 -1.82871784e-09  1.12791831e-05  3.84438133e-13 
 2.50000000e+01  5.00000000e-01  8.00000000e-01  3.50000000e-01  0.00000000e+00 -5.55681567e-06 -1.11067355e-09  5.55792616e-06  1.82149612e-13 
 2.50000000e+01  5.00000000e-01  8.00000000e-01  4.00000000e-01  0.00000000e+00 -2.07887330e-06 -5.90240523e-10  2.07946344e-06  1.01516907e-13 
 2.50000000e+01  5.00000000e-01  8.00000000e-01  4.50000000e-01  0.00000000e+00 -5.38462830e-07 -2.99580583e-10  5.38762339e-07  7.12289377e-14 
 2.50000000e+01  5.00000000e-01  8.00000000e-01  5.00000000e-01  0.00000000e+00  9.28278705e-11 -1.85716997e-10  9.28278705e-11  6.10393103e-14 
 2.50000000e+01  5.00000000e-01  8.00000000e-01  5.50000000e-01  0.00000000e+00  1.68087612e-07 -1.41822998e-10 -1.67945850e-07  6.17054616e-14 
 2.50000000e+01  5.00000000e-01  8.00000000e-01  6.00000000e-01  0.00000000e+00  2.31375870e-07 -1.12382326e-10 -2.31263550e-07  6.25527633e-14 
 2.50000000e+01  5.00000000e-01  8.00000000e-01  6.50000000e-01  0.00000000e+00  2.85120251e-07 -1.01236353e-10 -2.85019078e-07  6.35799844e-14 
 2.50000000e+01  5.00000000e-01  8.00000000e-01  7.00000000e-01  0.00000000e+00  3.45322307e-07 -1.09044995e-10 -3.45213327e-07  6.48050999e-14 
 2.50000000e+01  5.00000000e-01  8.00000000e-01  7.50000000e-01  0.00000000e+00  4.15427241e-07 -1.08582254e-10 -4.15318725e-07  6.62600421e-14 
 2.50000000e+01  5.00000000e-01  8.00000000e-01  8.00000000e-01  0.00000000e+00  4.97628572e-07 -9.72759651e-11 -4.97531364e-07  6.79840868e-14 
 2.50000000e+01  5.50000000e-01  8.00000000e-01  0.00000000e+00  0.00000000e+00 -6.71517260e-05 -1.12612069e-08  6.71629143e-05  7.28939715e-11 
 2.50000000e+01  5.50000000e-01  8.00000000e-01  5.00000000e-02  0.00000000e+00 -5.73452726e-05 -8.90192697e-09  5.73541439e-05  3.06992704e-11 
 2.50000000e+01  5.50000000e-01  8.00000000e-01  1.00000000e-01  0.00000000e+00 -4.76505105e-05 -6.91170698e-09  4.76574093e-05  1.29134529e-11 
 2.50000000e+01  5.50000000e-01  8.00000000e-01  1.50000000e-01  0.00000000e+00 -3.81345626e-05 -5.24059085e-09  3.81397978e-05  5.43187325e-12 
 2.50000000e+01  5.50000000e-01  8.00000000e-01  2.00000000e-01  0.00000000e+00 -2.89158269e-05 -3.85008714e-09  2.89196747e-05  2.29081434e-12 
 2.50000000e+01  5.50000000e-01  8.00000000e-01  2.50000000e-01  0.00000000e+00 -2.02198505e-05 -2.70833000e-09  2.02225579e-05  9.75357155e-13 
 2.50000000e+01  5.50000000e-01  8.00000000e-01  3.00000000e-01  0.00000000e+00 -1.24744438e-05 -1.78806836e-09  1.24762314e-05  4.26742720e-13 
 2.50000000e+01  5.50000000e-01  8.00000000e-01  3.50000000e-01  0.00000000e+00 -6.36194619e-06 -1.06786646e-09  6.36301385e-06  1.99971392e-13 
 2.50000000e+01  5.50000000e-01  8.00000000e-01  4.00000000e-01  0.00000000e+00 -2.50928983e-06 -5.46254153e-10  2.50983597e-06  1.08436884e-13 
 2.50000000e+01  5.50000000e-01  8.00000000e-01  4.50000000e-01  0.00000000e+00 -7.53383391e-07 -2.55441224e-10  7.53638758e-07  7.35853962e-14 
 2.50000000e+01  5.50000000e-01  8.00000000e-01  5.00000000e-01  0.00000000e+00 -1.67945850e-07 -1.41822998e-10  1.68087612e-07  6.17054616e-14 
 2.50000000e+01  5.50000000e-01  8.00000000e-01  5.50000000e-01  0.00000000e+00  4.50641390e-11 -9.01869690e-11  4.50641390e-11  5.82804296e-14 
 2.50000000e+01  5.50000000e-01  8.00000000e-01  6.00000000e-01  0.00000000e+00  4.53578216e-08 -6.07769390e-11 -4.52971034e-08  5.84824727e-14 
 2.50000000e+01  5.50000000e-01  8.00000000e-01  6.50000000e-01  0.00000000e+00  6.26008761e-08 -4.96336305e-11 -6.25513013e-08  5.87419195e-14 
 2.50000000e+01  5.50000000e-01  8.00000000e-01  7.00000000e-01  0.00000000e+00  7.81311467e-08 -5.74391645e-11 -7.80737668e-08  5.90606393e-14 
 2.50000000e+01  5.50000000e-01  8.00000000e-01  7.50000000e-01  0.00000000e+00  9.60035077e-08 -5.69704284e-11 -9.59465967e-08  5.94470488e-14 
 2.50000000e+01  5.50000000e-01  8.00000000e-01  8.00000000e-01  0.00000000e+00  1.17255590e-07 -4.56568117e-11 -1.17209993e-07  5.99138275e-14 
 2.50000000e+01  6.00000000e-01  8.00000000e-01  0.00000000e+00  0.00000000e+00 -6.93076076e-05 -1.12796534e-08  6.93188071e-05  8.01948786e-11 
 2.50000000e+01  6.00000000e-01  8.00000000e-01  5.00000000e-02  0.00000000e+00 -5.94075711e-05 -8.90722784e-09  5.94164446e-05  3.38043624e-11 
 2.50000000e+01  6.00000000e-01  8.00000000e-01  1.00000000e-01  0.00000000e+00 -4.96024401e-05 -6.90773283e-09  4.96093336e-05  1.42372998e-11 
 2.50000000e+01  6.00000000e-01  8.00000000e-01  1.50000000e-01  0.00000000e+00 -3.99533044e-05 -5.22964139e-09  3.99585280e-05  5.99992203e-12 
 2.50000000e+01  6.00000000e-01  8.00000000e-01  2.00000000e-01  0.00000000e+00 -3.05687399e-05 -3.83367094e-09  3.05725710e-05  2.53712245e-12 
 2.50000000e+01  6.00000000e-01  8.00000000e-01  2.50000000e-01  0.00000000e+00 -2.16581163e-05 -2.68749556e-09  2.16608027e-05  1.08341961e-12 
 2.50000000e+01  6.00000000e-01  8.00000000e-01  3.00000000e-01  0.00000000e+00 -1.36271657e-05 -1.76360460e-09  1.36289288e-05  4.74294243e-13 
 2.50000000e+01  6.00000000e-01  8.00000000e-01  3.50000000e-01  0.00000000e+00 -7.15166405e-06 -1.04058007e-09  7.15270441e-06  2.20355174e-13 
 2.50000000e+01  6.00000000e-01  8.00000000e-01  4.00000000e-01  0.00000000e+00 -2.92610748e-06 -5.17295318e-10  2.92662466e-06  1.16532753e-13 
 2.50000000e+01  6.00000000e-01  8.00000000e-01  4.50000000e-01  0.00000000e+00 -9.17329239e-07 -2.26011654e-10  9.17555174e-07  7.64285743e-14 
 2.50000000e+01  6.00000000e-01  8.00000000e-01  5.00000000e-01  0.00000000e+00 -2.31263550e-07 -1.12382326e-10  2.31375870e-07  6.25527633e-14 
 2.50000000e+01  6.00000000e-01  8.00000000e-01  5.50000000e-01  0.00000000e+00 -4.52971034e-08 -6.07769390e-11  4.53578216e-08  5.84824727e-14 
 2.50000000e+01  6.00000000e-01  8.00000000e-01  6.00000000e-01  0.00000000e+00  1.51773689e-11 -3.04123393e-11  1.51773689e-11  5.74986721e-14 
 2.50000000e+01  6.00000000e-01  8.00000000e-01  6.50000000e-01  0.00000000e+00  1.09334097e-08 -1.92730276e-11 -1.09141947e-08  5.75513934e-14 
 2.50000000e+01  6.00000000e-01  8.00000000e-01  7.00000000e-01  0.00000000e+00  1.52093473e-08 -2.70785616e-11 -1.51823263e-08  5.76197556e-14 
 2.50000000e+01  6.00000000e-01  8.00000000e-01  7.50000000e-01  0.00000000e+00  1.91984234e-08 -2.66098255e-11 -1.91718710e-08  5.77048769e-14 
 2.50000000e+01  6.00000000e-01  8.00000000e-01  8.00000000e-01  0.00000000e+00  2.38792993e-08 -1.52966528e-11 -2.38640608e-08  5.78096783e-14 
 2.50000000e+01  6.50000000e-01  8.00000000e-01  0.00000000e+00  0.00000000e+00 -7.13836414e-05 -1.13223002e-08  7.13948754e-05  8.82176462e-11 
 2.50000000e+01  6.50000000e-01  8.00000000e-01  5.00000000e-02  0.00000000e+00 -6.13950479e-05 -8.93537666e-09  6.14039461e-05  3.72181905e-11 
 2.50000000e+01  6.50000000e-01  8.00000000e-01  1.00000000e-01  0.00000000e+00 -5.14870690e-05 -6.92557101e-09  5.14939789e-05  1.56934711e-11 
 2.50000000e+01  6.50000000e-01  8.00000000e-01  1.50000000e-01  0.00000000e+00 -4.17157218e-05 -5.23964894e-09  4.17209548e-05  6.62522278e-12 
 2.50000000e+01  6.50000000e-01  8.00000000e-01  2.00000000e-01  0.00000000e+00 -3.21809234e-05 -3.83748544e-09  3.21847581e-05  2.80871385e-12 
 2.50000000e+01  6.50000000e-01  8.00000000e-01  2.50000000e-01  0.00000000e+00 -2.30767589e-05 -2.68628586e-09  2.30794440e-05  1.20304588e-12 
 2.50000000e+01  6.50000000e-01  8.00000000e-01  3.00000000e-01  0.00000000e+00 -1.47855735e-05 -1.75828219e-09  1.47873312e-05  5.27375124e-13 
 2.50000000e+01  6.50000000e-01  8.00000000e-01  3.50000000e-01  0.00000000e+00 -7.96833882e-06 -1.03206776e-09  7.96937064e-06  2.43445755e-13 
 2.50000000e+01  6.50000000e-01  8.00000000e-01  4.00000000e-01  0.00000000e+00 -3.37170699e-06 -5.06838349e-10  3.37221370e-06  1.25883947e-13 
 2.50000000e+01  6.50000000e-01  8.00000000e-01  4.50000000e-01  0.00000000e+00 -1.09248708e-06 -2.14928297e-10  1.09270193e-06  7.97776531e-14 
 2.50000000e+01  6.50000000e-01  8.00000000e-01  5.00000000e-01  0.00000000e+00 -2.85019078e-07 -1.01236353e-10  2.85120251e-07  6.35799844e-14 
 2.50000000e+01  6.50000000e-01  8.00000000e-01  5.50000000e-01  0.00000000e+00 -6.25513013e-08 -4.96336305e-11  6.26008761e-08  5.87419195e-14 
 2.50000000e+01  6.50000000e-01  8.00000000e-01  6.00000000e-01  0.00000000e+00 -1.09141947e-08 -1.92730276e-11  1.09334097e-08  5.75513934e-14 
 2.50000000e+01  6.50000000e-01  8.00000000e-01  6.50000000e-01  0.00000000e+00  3.98253146e-12 -8.02247158e-12  3.98253146e-12  5.73045138e-14 
 2.50000000e+01  6.50000000e-01  8.00000000e-01  7.00000000e-01  0.00000000e+00  2.43222341e-09 -1.58288938e-11 -2.41645193e-09  5.73168559e-14 
 2.50000000e+01  6.50000000e-01  8.00000000e-01  7.50000000e-01  0.00000000e+00  3.40584341e-09 -1.53601576e-11 -3.39054044e-09  5.73329668e-14 
 2.50000000e+01  6.50000000e-01  8.00000000e-01  8.00000000e-01  0.00000000e+00  4.33334462e-09 -4.04654088e-12 -4.32935553e-09  5.73532181e-14 
 2.50000000e+01  7.00000000e-01  8.00000000e-01  0.00000000e+00  0.00000000e+00 -7.34135857e-05 -1.13881273e-08  7.34248768e-05  9.70325071e-11 
 2.50000000e+01  7.00000000e-01  8.00000000e-01  5.00000000e-02  0.00000000e+00 -6.33416614e-05 -8.98557584e-09  6.33506060e-05  4.09707518e-11 
 2.50000000e+01  7.00000000e-01  8.00000000e-01  1.00000000e-01  0.00000000e+00 -5.33378163e-05 -6.96466085e-09  5.33447636e-05  1.72946455e-11 
 2.50000000e+01  7.00000000e-01  8.00000000e-01  1.50000000e-01  0.00000000e+00 -4.34535741e-05 -5.27029287e-09  4.34588371e-05  7.31308046e-12 
 2.50000000e+01  7.00000000e-01  8.00000000e-01  2.00000000e-01  0.00000000e+00 -3.37809310e-05 -3.86144472e-09  3.37847893e-05  3.10779109e-12 
 2.50000000e+01  7.00000000e-01  8.00000000e-01  2.50000000e-01  0.00000000e+00 -2.44993778e-05 -2.70483169e-09  2.45020813e-05  1.33516029e-12 
 2.50000000e+01  7.00000000e-01  8.00000000e-01  3.00000000e-01  0.00000000e+00 -1.59672763e-05 -1.77242199e-09  1.59690481e-05  5.86403747e-13 
 2.50000000e+01  7.00000000e-01  8.00000000e-01  3.50000000e-01  0.00000000e+00 -8.82488521e-06 -1.04279962e-09  8.82592774e-06  2.69468574e-13 
 2.50000000e+01  7.00000000e-01  8.00000000e-01  4.00000000e-01  0.00000000e+00 -3.85745976e-06 -5.15458565e-10  3.85797508e-06  1.36625240e-13 
 2.50000000e+01  7.00000000e-01  8.00000000e-01  4.50000000e-01  0.00000000e+00 -1.29002759e-06 -2.22825314e-10  1.29025033e-06  8.36975725e-14 
 2.50000000e+01  7.00000000e-01  8.00000000e-01  5.00000000e-01  0.00000000e+00 -3.45213327e-07 -1.09044995e-10  3.45322307e-07  6.48050999e-14 
 2.50000000e+01  7.00000000e-01  8.00000000e-01  5.50000000e-01  0.00000000e+00 -7.80737668e-08 -5.74391645e-11  7.81311467e-08  5.90606393e-14 
 2.50000000e+01  7.00000000e-01  8.00000000e-01  6.00000000e-01  0.00000000e+00 -1.51823263e-08 -2.70785616e-11  1.52093473e-08  5.76197556e-14 
 2.50000000e+01  7.00000000e-01  8.00000000e-01  6.50000000e-01  0.00000000e+00 -2.41645193e-09 -1.58288938e-11  2.43222341e-09  5.73168559e-14 
 2.50000000e+01  7.00000000e-01  8.00000000e-01  7.00000000e-01  0.00000000e+00  1.17829475e-11 -2.36233255e-11  1.17829475e-11  5.72603250e-14 
 2.50000000e+01  7.00000000e-01  8.00000000e-01  7.50000000e-01  0.00000000e+00  5.25095090e-10 -2.31548114e-11 -5.01997653e-10  5.72630257e-14 
 2.50000000e+01  7.00000000e-01  8.00000000e-01  8.00000000e-01  0.00000000e+00  7.33943634e-10 -1.18407506e-11 -7.22160060e-10  5.72665638e-14 
 2.50000000e+01  7.50000000e-01  8.00000000e-01  0.00000000e+00  0.00000000e+00 -7.54168387e-05 -1.14489809e-08  7.54281810e-05  1.06716658e-10 
 2.50000000e+01  7.50000000e-01  8.00000000e-01  5.00000000e-02  0.00000000e+00 -6.52663327e-05 -9.02979935e-09  6.52753174e-05  4.50951375e-11 
 2.50000000e+01  7.50000000e-01  8.00000000e-01  1.00000000e-01  0.00000000e+00 -5.51726434e-05 -6.99711844e-09  5.51796215e-05  1.90548912e-11 
 2.50000000e+01  7.50000000e-01  8.00000000e-01  1.50000000e-01  0.00000000e+00 -4.51832031e-05 -5.29383093e-09  4.51884889e-05  8.06944371e-12 
 2.50000000e+01  7.50000000e-01  8.00000000e-01  2.00000000e-01  0.00000000e+00 -3.53826573e-05 -3.87794108e-09  3.53865318e-05  3.43686811e-12 
 2.50000000e+01  7.50000000e-01  8.00000000e-01  2.50000000e-01  0.00000000e+00 -2.59365919e-05 -2.71564682e-09  2.59393060e-05  1.48084288e-12 
 2.50000000e+01  7.50000000e-01  8.00000000e-01  3.00000000e-01  0.00000000e+00 -1.71793544e-05 -1.77863746e-09  1.71811324e-05  6.51875895e-13 
 2.50000000e+01  7.50000000e-01  8.00000000e-01  3.50000000e-01  0.00000000e+00 -9.72618855e-06 -1.04546483e-09  9.72723371e-06  2.98687646e-13 
 2.50000000e+01  7.50000000e-01  8.00000000e-01  4.00000000e-01  0.00000000e+00 -4.38848892e-06 -5.15895771e-10  4.38900467e-06  1.48915287e-13 
 2.50000000e+01  7.50000000e-01  8.00000000e-01  4.50000000e-01  0.00000000e+00 -1.51489278e-06 -2.22469820e-10  1.51511516e-06  8.82713767e-14 
 2.50000000e+01  7.50000000e-01  8.00000000e-01  5.00000000e-01  0.00000000e+00 -4.15318725e-07 -1.08582254e-10  4.15427241e-07  6.62600421e-14 
 2.50000000e+01  7.50000000e-01  8.00000000e-01  5.50000000e-01  0.00000000e+00 -9.59465967e-08 -5.69704284e-11  9.60035077e-08  5.94470488e-14 
 2.50000000e+01  7.50000000e-01  8.00000000e-01  6.00000000e-01  0.00000000e+00 -1.91718710e-08 -2.66098255e-11  1.91984234e-08  5.77048769e-14 
 2.50000000e+01  7.50000000e-01  8.00000000e-01  6.50000000e-01  0.00000000e+00 -3.39054044e-09 -1.53601576e-11  3.40584341e-09  5.73329668e-14 
 2.50000000e+01  7.50000000e-01  8.00000000e-01  7.00000000e-01  0.00000000e+00 -5.01997653e-10 -2.31548114e-11  5.25095090e-10  5.72630257e-14 
 2.50000000e+01  7.50000000e-01  8.00000000e-01  7.50000000e-01  0.00000000e+00  1.13139020e-11 -2.26849650e-11  1.13139020e-11  5.72504510e-14 
 2.50000000e+01  7.50000000e-01  8.00000000e-01  8.00000000e-01  0.00000000e+00  1.16519495e-10 -1.13711263e-11 -1.05205548e-10  5.72510192e-14 
 2.50000000e+01  8.00000000e-01  8.00000000e-01  0.00000000e+00  0.00000000e+00 -7.74051133e-05 -1.15017686e-08  7.74164977e-05  1.17354848e-10 
 2.50000000e+01  8.00000000e-01  8.00000000e-01  5.00000000e-02  0.00000000e+00 -6.71802011e-05 -9.06501851e-09  6.71892164e-05  4.96277602e-11 
 2.50000000e+01  8.00000000e-01  8.00000000e-01  1.00000000e-01  0.00000000e+00 -5.70018147e-05 -7.01999836e-09  5.70088137e-05  2.09897353e-11 
 2.50000000e+01  8.00000000e-01  8.00000000e-01  1.50000000e-01  0.00000000e+00 -4.69136103e-05 -5.30740474e-09  4.69189088e-05  8.90090786e-12 
 2.50000000e+01  8.00000000e-01  8.00000000e-01  2.00000000e-01  0.00000000e+00 -3.69933797e-05 -3.88419474e-09  3.69972601e-05  3.79875033e-12 
 2.50000000e+01  8.00000000e-01  8.00000000e-01  2.50000000e-01  0.00000000e+00 -2.73935244e-05 -2.71601985e-09  2.73962388e-05  1.64130631e-12 
 2.50000000e+01  8.00000000e-01  8.00000000e-01  3.00000000e-01  0.00000000e+00 -1.84247521e-05 -1.77427317e-09  1.84265257e-05  7.24346678e-13 
 2.50000000e+01  8.00000000e-01  8.00000000e-01  3.50000000e-01  0.00000000e+00 -1.06741974e-05 -1.03744879e-09  1.06752345e-05  3.31393551e-13 
 2.50000000e+01  8.00000000e-01  8.00000000e-01  4.00000000e-01  0.00000000e+00 -4.96791185e-06 -5.05561815e-10  4.96841725e-06  1.62928796e-13 
 2.50000000e+01  8.00000000e-01  8.00000000e-01  4.50000000e-01  0.00000000e+00 -1.77082463e-06 -2.11285878e-10  1.77103582e-06  9.35947358e-14 
 2.50000000e+01  8.00000000e-01  8.00000000e-01  5.00000000e-01  0.00000000e+00 -4.97531364e-07 -9.72759651e-11  4.97628572e-07  6.79840868e-14 
 2.50000000e+01  8.00000000e-01  8.00000000e-01  5.50000000e-01  0.00000000e+00 -1.17209993e-07 -4.56568117e-11  1.17255590e-07  5.99138275e-14 
 2.50000000e+01  8.00000000e-01  8.00000000e-01  6.00000000e-01  0.00000000e+00 -2.38640608e-08 -1.52966528e-11  2.38792993e-08  5.78096783e-14 
 2.50000000e+01  8.00000000e-01  8.00000000e-01  6.50000000e-01  0.00000000e+00 -4.32935553e-09 -4.04654088e-12  4.33334462e-09  5.73532181e-14 
 2.50000000e+01  8.00000000e-01  8.00000000e-01  7.00000000e-01  0.00000000e+00 -7.22160060e-10 -1.18407506e-11  7.33943634e-10  5.72665638e-14 
 2.50000000e+01  8.00000000e-01  8.00000000e-01  7.50000000e-01  0.00000000e+00 -1.05205548e-10 -1.13711263e-11  1.16519495e-10  5.72510192e-14 
 2.50000000e+01  8.00000000e-01  8.00000000e-01  8.00000000e-01  0.00000000e+00 -3.33581779e-20 -5.68434189e-14 -3.33582812e-20  5.72476893e-14 
