 2.50000000e+01  0.00000000e+00  0.00000000e+00  0.00000000e+00  0.00000000e+00 -2.61504422e-21  4.97739841e-19 -2.61504422e-21 -4.92509753e-19 
 2.50000000e+01  0.00000000e+00  0.00000000e+00  5.00000000e-02  0.00000000e+00  5.77876436e-10  3.99957655e-11 -6.17872201e-10 -3.31753267e-19 
 2.50000000e+01  0.00000000e+00  0.00000000e+00  1.00000000e-01  0.00000000e+00  8.04024767e-10  1.05229560e-10 -9.09254327e-10  1.33585597e-19 
 2.50000000e+01  0.00000000e+00  0.00000000e+00  1.50000000e-01  0.00000000e+00  1.01607799e-09  2.00050273e-10 -1.21612826e-09  8.87475553e-19 
 2.50000000e+01  0.00000000e+00  0.00000000e+00  2.00000000e-01  0.00000000e+00  1.26627203e-09  3.29337975e-10 -1.59561001e-09  1.98504339e-18 
 2.50000000e+01  0.00000000e+00  0.00000000e+00  2.50000000e-01  0.00000000e+00  1.57092039e-09  4.98562152e-10 -2.06948254e-09  3.53235436e-18 
 2.50000000e+01  0.00000000e+00  0.00000000e+00  3.00000000e-01  0.00000000e+00  1.94449838e-09  7.13843901e-10 -2.65834229e-09  5.67381300e-18 
 2.50000000e+01  0.00000000e+00  0.00000000e+00  3.50000000e-01  0.00000000e+00  2.40352491e-09  9.82023513e-10 -3.38554843e-09  8.59832192e-18 
 2.50000000e+01  0.00000000e+00  0.00000000e+00  4.00000000e-01  0.00000000e+00  2.96782018e-09  1.31073424e-09 -4.27855444e-09  1.25503841e-17 
 2.50000000e+01  0.00000000e+00  0.00000000e+00  4.50000000e-01  0.00000000e+00  3.66144810e-09  1.70848291e-09 -5.36993103e-09  1.78447621e-17 
 2.50000000e+01  0.00000000e+00  0.00000000e+00  5.00000000e-01  0.00000000e+00  4.51370729e-09  2.18473807e-09 -6.69844539e-09  2.48850328e-17 
 2.50000000e+01  0.00000000e+00  0.00000000e+00  5.50000000e-01  0.00000000e+00  5.56027770e-09  2.75002627e-09 -8.31030401e-09  3.41868030e-17 
 2.50000000e+01  0.00000000e+00  0.00000000e+00  6.00000000e-01  0.00000000e+00  6.84458463e-09  3.41603731e-09 -1.02606220e-08  4.64065877e-17 
 2.50000000e+01  0.00000000e+00  0.00000000e+00  6.50000000e-01  0.00000000e+00  8.41944078e-09  4.19573917e-09 -1.26151800e-08  6.23775762e-17 
 2.50000000e+01  0.00000000e+00  0.00000000e+00  7.00000000e-01  0.00000000e+00  1.03490375e-08  5.10350347e-09 -1.54525410e-08  8.31537424e-17 
 2.50000000e+01  0.00000000e+00  0.00000000e+00  7.50000000e-01  0.00000000e+00  1.27113732e-08  6.15524254e-09 -1.88666159e-08  1.10064018e-16 
 2.50000000e+01  0.00000000e+00  0.00000000e+00  8.00000000e-01  0.00000000e+00  1.56012294e-08  7.36855879e-09 -2.29697883e-08  1.44778526e-16 
 2.50000000e+01  5.00000000e-02  0.00000000e+00  0.00000000e+00  0.00000000e+00 -6.17872201e-10  3.99957655e-11  5.77876436e-10 -3.31753267e-19 
 2.50000000e+01  5.00000000e-02  0.00000000e+00  5.00000000e-02  0.00000000e+00 -3.99957664e-11  7.99915351e-11 -3.99957664e-11 -2.21048949e-18 
 2.50000000e+01  5.00000000e-02  0.00000000e+00  1.00000000e-01  0.00000000e+00  8.30230845e-11  1.45225329e-10 -2.28248412e-10 -2.17731662e-18 
 2.50000000e+01  5.00000000e-02  0.00000000e+00  1.50000000e-01  0.00000000e+00  1.31596767e-10  2.40046043e-10 -3.71642808e-10 -2.07777715e-18 
 2.50000000e+01  5.00000000e-02  0.00000000e+00  2.00000000e-01  0.00000000e+00  1.77416807e-10  3.69333744e-10 -5.46750549e-10 -1.91579745e-18 
 2.50000000e+01  5.00000000e-02  0.00000000e+00  2.50000000e-01  0.00000000e+00  2.31690951e-10  5.38557921e-10 -7.70248870e-10 -1.67915891e-18 
 2.50000000e+01  5.00000000e-02  0.00000000e+00  3.00000000e-01  0.00000000e+00  2.98018987e-10  7.53839670e-10 -1.05185866e-09 -1.34436359e-18 
 2.50000000e+01  5.00000000e-02  0.00000000e+00  3.50000000e-01  0.00000000e+00  3.79655362e-10  1.02201928e-09 -1.40167464e-09 -8.79275929e-19 
 2.50000000e+01  5.00000000e-02  0.00000000e+00  4.00000000e-01  0.00000000e+00  4.80350003e-10  1.35073001e-09 -1.83108001e-09 -2.41630570e-19 
 2.50000000e+01  5.00000000e-02  0.00000000e+00  4.50000000e-01  0.00000000e+00  6.04635704e-10  1.74847868e-09 -2.35311439e-09  6.23601611e-19 
 2.50000000e+01  5.00000000e-02  0.00000000e+00  5.00000000e-01  0.00000000e+00  7.58054748e-10  2.22473384e-09 -2.98278859e-09  1.78771129e-18 
 2.50000000e+01  5.00000000e-02  0.00000000e+00  5.50000000e-01  0.00000000e+00  9.47404097e-10  2.79002204e-09 -3.73742614e-09  3.34272070e-18 
 2.50000000e+01  5.00000000e-02  0.00000000e+00  6.00000000e-01  0.00000000e+00  1.18102433e-09  3.45603308e-09 -4.63705742e-09  5.40703886e-18 
 2.50000000e+01  5.00000000e-02  0.00000000e+00  6.50000000e-01  0.00000000e+00  1.46914872e-09  4.23573493e-09 -5.70488366e-09  8.13258319e-18 
 2.50000000e+01  5.00000000e-02  0.00000000e+00  7.00000000e-01  0.00000000e+00  1.82432953e-09  5.14349924e-09 -6.96782878e-09  1.17137170e-17 
 2.50000000e+01  5.00000000e-02  0.00000000e+00  7.50000000e-01  0.00000000e+00  2.26196212e-09  6.19523830e-09 -8.45720043e-09  1.63984311e-17 
 2.50000000e+01  5.00000000e-02  0.00000000e+00  8.00000000e-01  0.00000000e+00  2.80093293e-09  7.40855455e-09 -1.02094875e-08  2.25022899e-17 
 2.50000000e+01  1.00000000e-01  0.00000000e+00  0.00000000e+00  0.00000000e+00 -9.09254327e-10  1.05229560e-10  8.04024767e-10  1.33585597e-19 
 2.50000000e+01  1.00000000e-01  0.00000000e+00  5.00000000e-02  0.00000000e+00 -2.28248412e-10  1.45225329e-10  8.30230845e-11 -2.17731662e-18 
 2.50000000e+01  1.00000000e-01  0.00000000e+00  1.00000000e-01  0.00000000e+00 -1.05229560e-10  2.10459123e-10 -1.05229560e-10 -3.91232452e-18 
 2.50000000e+01  1.00000000e-01  0.00000000e+00  1.50000000e-01  0.00000000e+00 -7.96072228e-11  3.05279837e-10 -2.25672610e-10 -3.90521174e-18 
 2.50000000e+01  1.00000000e-01  0.00000000e+00  2.00000000e-01  0.00000000e+00 -6.94235311e-11  4.34567538e-10 -3.65144003e-10 -3.88406591e-18 
 2.50000000e+01  1.00000000e-01  0.00000000e+00  2.50000000e-01  0.00000000e+00 -5.97756290e-11  6.03791715e-10 -5.44016082e-10 -3.84976203e-18 
 2.50000000e+01  1.00000000e-01  0.00000000e+00  3.00000000e-01  0.00000000e+00 -4.83158298e-11  8.19073464e-10 -7.70757630e-10 -3.79967887e-18 
 2.50000000e+01  1.00000000e-01  0.00000000e+00  3.50000000e-01  0.00000000e+00 -3.42753100e-11  1.08725308e-09 -1.05297776e-09 -3.72878270e-18 
 2.50000000e+01  1.00000000e-01  0.00000000e+00  4.00000000e-01  0.00000000e+00 -1.69502988e-11  1.41596380e-09 -1.39901350e-09 -3.63016973e-18 
 2.50000000e+01  1.00000000e-01  0.00000000e+00  4.50000000e-01  0.00000000e+00  4.47519227e-12  1.81371247e-09 -1.81818766e-09 -3.49472814e-18 
 2.50000000e+01  1.00000000e-01  0.00000000e+00  5.00000000e-01  0.00000000e+00  3.09921469e-11  2.28996763e-09 -2.32095978e-09 -3.31054921e-18 
 2.50000000e+01  1.00000000e-01  0.00000000e+00  5.50000000e-01  0.00000000e+00  6.38176300e-11  2.85525584e-09 -2.91907346e-09 -3.06214262e-18 
 2.50000000e+01  1.00000000e-01  0.00000000e+00  6.00000000e-01  0.00000000e+00  1.04450992e-10  3.52126687e-09 -3.62571786e-09 -2.72942775e-18 
 2.50000000e+01  1.00000000e-01  0.00000000e+00  6.50000000e-01  0.00000000e+00  1.54740816e-10  4.30096872e-09 -4.45570954e-09 -2.28644909e-18 
 2.50000000e+01  1.00000000e-01  0.00000000e+00  7.00000000e-01  0.00000000e+00  2.16966532e-10  5.20873303e-09 -5.42569956e-09 -1.69974652e-18 
 2.50000000e+01  1.00000000e-01  0.00000000e+00  7.50000000e-01  0.00000000e+00  2.93938937e-10  6.26047209e-09 -6.55441103e-09 -9.26293687e-19 
 2.50000000e+01  1.00000000e-01  0.00000000e+00  8.00000000e-01  0.00000000e+00  3.89124806e-10  7.47378834e-09 -7.86291315e-09  8.91033803e-20 
 2.50000000e+01  1.50000000e-01  0.00000000e+00  0.00000000e+00  0.00000000e+00 -1.21612826e-09  2.00050273e-10  1.01607799e-09  8.87475553e-19 
 2.50000000e+01  1.50000000e-01  0.00000000e+00  5.00000000e-02  0.00000000e+00 -3.71642808e-10  2.40046043e-10  1.31596767e-10 -2.07777715e-18 
 2.50000000e+01  1.50000000e-01  0.00000000e+00  1.00000000e-01  0.00000000e+00 -2.25672610e-10  3.05279837e-10 -7.96072228e-11 -3.90521174e-18 
 2.50000000e+01  1.50000000e-01  0.00000000e+00  1.50000000e-01  0.00000000e+00 -2.00050273e-10  4.00100551e-10 -2.00050273e-10 -5.58151501e-18 
 2.50000000e+01  1.50000000e-01  0.00000000e+00  2.00000000e-01  0.00000000e+00 -1.94805104e-10  5.29388252e-10 -3.34583143e-10 -5.57968497e-18 
 2.50000000e+01  1.50000000e-01  0.00000000e+00  2.50000000e-01  0.00000000e+00 -1.92709485e-10  6.98612429e-10 -5.05902938e-10 -5.57495179e-18 
 2.50000000e+01  1.50000000e-01  0.00000000e+00  3.00000000e-01  0.00000000e+00 -1.90717354e-10  9.13894178e-10 -7.23176819e-10 -5.56749989e-18 
 2.50000000e+01  1.50000000e-01  0.00000000e+00  3.50000000e-01  0.00000000e+00 -1.88346015e-10  1.18207379e-09 -9.93727768e-10 -5.55677961e-18 
 2.50000000e+01  1.50000000e-01  0.00000000e+00  4.00000000e-01  0.00000000e+00 -1.85435060e-10  1.51078451e-09 -1.32534945e-09 -5.54173783e-18 
 2.50000000e+01  1.50000000e-01  0.00000000e+00  4.50000000e-01  0.00000000e+00 -1.81836310e-10  1.90853319e-09 -1.72669687e-09 -5.52092740e-18 
 2.50000000e+01  1.50000000e-01  0.00000000e+00  5.00000000e-01  0.00000000e+00 -1.77377205e-10  2.38478835e-09 -2.20741114e-09 -5.49243368e-18 
 2.50000000e+01  1.50000000e-01  0.00000000e+00  5.50000000e-01  0.00000000e+00 -1.71847503e-10  2.95007655e-09 -2.77822904e-09 -5.45374775e-18 
 2.50000000e+01  1.50000000e-01  0.00000000e+00  6.00000000e-01  0.00000000e+00 -1.64988232e-10  3.61608759e-09 -3.45109935e-09 -5.40159706e-18 
 2.50000000e+01  1.50000000e-01  0.00000000e+00  6.50000000e-01  0.00000000e+00 -1.56479397e-10  4.39578944e-09 -4.23931003e-09 -5.33172700e-18 
 2.50000000e+01  1.50000000e-01  0.00000000e+00  7.00000000e-01  0.00000000e+00 -1.45925244e-10  5.30355374e-09 -5.15762849e-09 -5.23862154e-18 
 2.50000000e+01  1.50000000e-01  0.00000000e+00  7.50000000e-01  0.00000000e+00 -1.32836194e-10  6.35529280e-09 -6.22245660e-09 -5.11514718e-18 
 2.50000000e+01  1.50000000e-01  0.00000000e+00  8.00000000e-01  0.00000000e+00 -1.16606483e-10  7.56860905e-09 -7.45200257e-09 -4.95210035e-18 
 2.50000000e+01  2.00000000e-01  0.00000000e+00  0.00000000e+00  0.00000000e+00 -1.59561001e-09  3.29337975e-10  1.26627203e-09  1.98504339e-18 
 2.50000000e+01  2.00000000e-01  0.00000000e+00  5.00000000e-02  0.00000000e+00 -5.46750549e-10  3.69333744e-10  1.77416807e-10 -1.91579745e-18 
 2.50000000e+01  2.00000000e-01  0.00000000e+00  1.00000000e-01  0.00000000e+00 -3.65144003e-10  4.34567538e-10 -6.94235311e-11 -3.88406591e-18 
 2.50000000e+01  2.00000000e-01  0.00000000e+00  1.50000000e-01  0.00000000e+00 -3.34583143e-10  5.29388252e-10 -1.94805104e-10 -5.57968497e-18 
 2.50000000e+01  2.00000000e-01  0.00000000e+00  2.00000000e-01  0.00000000e+00 -3.29337974e-10  6.58675955e-10 -3.29337974e-10 -7.12345991e-18 
 2.50000000e+01  2.00000000e-01  0.00000000e+00  2.50000000e-01  0.00000000e+00 -3.28279578e-10  8.27900131e-10 -4.99620546e-10 -7.12269152e-18 
 2.50000000e+01  2.00000000e-01  0.00000000e+00  3.00000000e-01  0.00000000e+00 -3.27854851e-10  1.04318188e-09 -7.15327022e-10 -7.12133205e-18 
 2.50000000e+01  2.00000000e-01  0.00000000e+00  3.50000000e-01  0.00000000e+00 -3.27449928e-10  1.31136149e-09 -9.83911556e-10 -7.11941885e-18 
 2.50000000e+01  2.00000000e-01  0.00000000e+00  4.00000000e-01  0.00000000e+00 -3.26967064e-10  1.64007222e-09 -1.31310514e-09 -7.11683853e-18 
 2.50000000e+01  2.00000000e-01  0.00000000e+00  4.50000000e-01  0.00000000e+00 -3.26373383e-10  2.03782089e-09 -1.71144750e-09 -7.11337455e-18 
 2.50000000e+01  2.00000000e-01  0.00000000e+00  5.00000000e-01  0.00000000e+00 -3.25638294e-10  2.51407605e-09 -2.18843775e-09 -7.10872899e-18 
 2.50000000e+01  2.00000000e-01  0.00000000e+00  5.50000000e-01  0.00000000e+00 -3.24726051e-10  3.07936425e-09 -2.75463819e-09 -7.10250699e-18 
 2.50000000e+01  2.00000000e-01  0.00000000e+00  6.00000000e-01  0.00000000e+00 -3.23592998e-10  3.74537529e-09 -3.42178228e-09 -7.09419011e-18 
 2.50000000e+01  2.00000000e-01  0.00000000e+00  6.50000000e-01  0.00000000e+00 -3.22185244e-10  4.52507714e-09 -4.20289188e-09 -7.08310077e-18 
 2.50000000e+01  2.00000000e-01  0.00000000e+00  7.00000000e-01  0.00000000e+00 -3.20436054e-10  5.43284144e-09 -5.11240538e-09 -7.06835619e-18 
 2.50000000e+01  2.00000000e-01  0.00000000e+00  7.50000000e-01  0.00000000e+00 -3.18262708e-10  6.48458050e-09 -6.16631779e-09 -7.04880936e-18 
 2.50000000e+01  2.00000000e-01  0.00000000e+00  8.00000000e-01  0.00000000e+00 -3.15562642e-10  7.69789675e-09 -7.38233410e-09 -7.02297357e-18 
 2.50000000e+01  2.50000000e-01  0.00000000e+00  0.00000000e+00  0.00000000e+00 -2.06948254e-09  4.98562152e-10  1.57092039e-09  3.53235436e-18 
 2.50000000e+01  2.50000000e-01  0.00000000e+00  5.00000000e-02  0.00000000e+00 -7.70248870e-10  5.38557921e-10  2.31690951e-10 -1.67915891e-18 
 2.50000000e+01  2.50000000e-01  0.00000000e+00  1.00000000e-01  0.00000000e+00 -5.44016082e-10  6.03791715e-10 -5.97756290e-11 -3.84976203e-18 
 2.50000000e+01  2.50000000e-01  0.00000000e+00  1.50000000e-01  0.00000000e+00 -5.05902938e-10  6.98612429e-10 -1.92709485e-10 -5.57495179e-18 
 2.50000000e+01  2.50000000e-01  0.00000000e+00  2.00000000e-01  0.00000000e+00 -4.99620546e-10  8.27900131e-10 -3.28279578e-10 -7.12269152e-18 
 2.50000000e+01  2.50000000e-01  0.00000000e+00  2.50000000e-01  0.00000000e+00 -4.98562150e-10  9.97124309e-10 -4.98562150e-10 -8.53527339e-18 
 2.50000000e+01  2.50000000e-01  0.00000000e+00  3.00000000e-01  0.00000000e+00 -4.98351242e-10  1.21240606e-09 -7.14054807e-10 -8.53471579e-18 
 2.50000000e+01  2.50000000e-01  0.00000000e+00  3.50000000e-01  0.00000000e+00 -4.98266279e-10  1.48058567e-09 -9.82319381e-10 -8.53403866e-18 
 2.50000000e+01  2.50000000e-01  0.00000000e+00  4.00000000e-01  0.00000000e+00 -4.98185067e-10  1.80929639e-09 -1.31111132e-09 -8.53324921e-18 
 2.50000000e+01  2.50000000e-01  0.00000000e+00  4.50000000e-01  0.00000000e+00 -4.98088070e-10  2.20704506e-09 -1.70895699e-09 -8.53232426e-18 
 2.50000000e+01  2.50000000e-01  0.00000000e+00  5.00000000e-01  0.00000000e+00 -4.97968648e-10  2.68330022e-09 -2.18533157e-09 -8.53121976e-18 
 2.50000000e+01  2.50000000e-01  0.00000000e+00  5.50000000e-01  0.00000000e+00 -4.97820583e-10  3.24858842e-09 -2.75076783e-09 -8.52987513e-18 
 2.50000000e+01  2.50000000e-01  0.00000000e+00  6.00000000e-01  0.00000000e+00 -4.97636591e-10  3.91459946e-09 -3.41696286e-09 -8.52820996e-18 
 2.50000000e+01  2.50000000e-01  0.00000000e+00  6.50000000e-01  0.00000000e+00 -4.97407755e-10  4.69430131e-09 -4.19689355e-09 -8.52611858e-18 
 2.50000000e+01  2.50000000e-01  0.00000000e+00  7.00000000e-01  0.00000000e+00 -4.97123051e-10  5.60206561e-09 -5.10494255e-09 -8.52346270e-18 
 2.50000000e+01  2.50000000e-01  0.00000000e+00  7.50000000e-01  0.00000000e+00 -4.96768803e-10  6.65380467e-09 -6.15703586e-09 -8.52006186e-18 
 2.50000000e+01  2.50000000e-01  0.00000000e+00  8.00000000e-01  0.00000000e+00 -4.96328030e-10  7.86712092e-09 -7.37079288e-09 -8.51568128e-18 
 2.50000000e+01  3.00000000e-01  0.00000000e+00  0.00000000e+00  0.00000000e+00 -2.65834229e-09  7.13843901e-10  1.94449838e-09  5.67381300e-18 
 2.50000000e+01  3.00000000e-01  0.00000000e+00  5.00000000e-02  0.00000000e+00 -1.05185866e-09  7.53839670e-10  2.98018987e-10 -1.34436359e-18 
 2.50000000e+01  3.00000000e-01  0.00000000e+00  1.00000000e-01  0.00000000e+00 -7.70757630e-10  8.19073464e-10 -4.83158298e-11 -3.79967887e-18 
 2.50000000e+01  3.00000000e-01  0.00000000e+00  1.50000000e-01  0.00000000e+00 -7.23176819e-10  9.13894178e-10 -1.90717354e-10 -5.56749989e-18 
 2.50000000e+01  3.00000000e-01  0.00000000e+00  2.00000000e-01  0.00000000e+00 -7.15327022e-10  1.04318188e-09 -3.27854851e-10 -7.12133205e-18 
 2.50000000e+01  3.00000000e-01  0.00000000e+00  2.50000000e-01  0.00000000e+00 -7.14054807e-10  1.21240606e-09 -4.98351242e-10 -8.53471579e-18 
 2.50000000e+01  3.00000000e-01  0.00000000e+00  3.00000000e-01  0.00000000e+00 -7.13843899e-10  1.42768781e-09 -7.13843899e-10 -9.83337578e-18 
 2.50000000e+01  3.00000000e-01  0.00000000e+00  3.50000000e-01  0.00000000e+00 -7.13802339e-10  1.69586742e-09 -9.82065069e-10 -9.83285876e-18 
 2.50000000e+01  3.00000000e-01  0.00000000e+00  4.00000000e-01  0.00000000e+00 -7.13785538e-10  2.02457814e-09 -1.31079259e-09 -9.83231682e-18 
 2.50000000e+01  3.00000000e-01  0.00000000e+00  4.50000000e-01  0.00000000e+00 -7.13769440e-10  2.42232681e-09 -1.70855736e-09 -9.83175117e-18 
 2.50000000e+01  3.00000000e-01  0.00000000e+00  5.00000000e-01  0.00000000e+00 -7.13750186e-10  2.89858197e-09 -2.18483178e-09 -9.83115697e-18 
 2.50000000e+01  3.00000000e-01  0.00000000e+00  5.50000000e-01  0.00000000e+00 -7.13726451e-10  3.46387017e-09 -2.75014371e-09 -9.83052519e-18 
 2.50000000e+01  3.00000000e-01  0.00000000e+00  6.00000000e-01  0.00000000e+00 -7.13696987e-10  4.12988121e-09 -3.41618421e-09 -9.82984347e-18 
 2.50000000e+01  3.00000000e-01  0.00000000e+00  6.50000000e-01  0.00000000e+00 -7.13660331e-10  4.90958306e-09 -4.19592271e-09 -9.82909543e-18 
 2.50000000e+01  3.00000000e-01  0.00000000e+00  7.00000000e-01  0.00000000e+00 -7.13614685e-10  5.81734736e-09 -5.10373266e-09 -9.82825957e-18 
 2.50000000e+01  3.00000000e-01  0.00000000e+00  7.50000000e-01  0.00000000e+00 -7.13557828e-10  6.86908642e-09 -6.15552858e-09 -9.82730776e-18 
 2.50000000e+01  3.00000000e-01  0.00000000e+00  8.00000000e-01  0.00000000e+00 -7.13486994e-10  8.08240266e-09 -7.36891566e-09 -9.82620334e-18 
 2.50000000e+01  3.50000000e-01  0.00000000e+00  0.00000000e+00  0.00000000e+00 -3.38554843e-09  9.82023513e-10  2.40352491e-09  8.59832192e-18 
 2.50000000e+01  3.50000000e-01  0.00000000e+00  5.00000000e-02  0.00000000e+00 -1.40167464e-09  1.02201928e-09  3.79655362e-10 -8.79275929e-19 
 2.50000000e+01  3.50000000e-01  0.00000000e+00  1.00000000e-01  0.00000000e+00 -1.05297776e-09  1.08725308e-09 -3.42753100e-11 -3.72878270e-18 
 2.50000000e+01  3.50000000e-01  0.00000000e+00  1.50000000e-01  0.00000000e+00 -9.93727768e-10  1.18207379e-09 -1.88346015e-10 -5.55677961e-18 
 2.50000000e+01  3.50000000e-01  0.00000000e+00  2.00000000e-01  0.00000000e+00 -9.83911556e-10  1.31136149e-09 -3.27449928e-10 -7.11941885e-18 
 2.50000000e+01  3.50000000e-01  0.00000000e+00  2.50000000e-01  0.00000000e+00 -9.82319381e-10  1.48058567e-09 -4.98266279e-10 -8.53403866e-18 
 2.50000000e+01  3.50000000e-01  0.00000000e+00  3.00000000e-01  0.00000000e+00 -9.82065069e-10  1.69586742e-09 -7.13802339e-10 -9.83285876e-18 
 2.50000000e+01  3.50000000e-01  0.00000000e+00  3.50000000e-01  0.00000000e+00 -9.82023509e-10  1.96404703e-09 -9.82023509e-10 -1.10315920e-17 
 2.50000000e+01  3.50000000e-01  0.00000000e+00  4.00000000e-01  0.00000000e+00 -9.82015402e-10  2.29275775e-09 -1.31074234e-09 -1.10310816e-17 
 2.50000000e+01  3.50000000e-01  0.00000000e+00  4.50000000e-01  0.00000000e+00 -9.82012113e-10  2.69050642e-09 -1.70849430e-09 -1.10305650e-17 
 2.50000000e+01  3.50000000e-01  0.00000000e+00  5.00000000e-01  0.00000000e+00 -9.82008955e-10  3.16676158e-09 -2.18475262e-09 -1.10300420e-17 
 2.50000000e+01  3.50000000e-01  0.00000000e+00  5.50000000e-01  0.00000000e+00 -9.82005172e-10  3.73204978e-09 -2.75004460e-09 -1.10295116e-17 
 2.50000000e+01  3.50000000e-01  0.00000000e+00  6.00000000e-01  0.00000000e+00 -9.82000503e-10  4.39806082e-09 -3.41606030e-09 -1.10289716e-17 
 2.50000000e+01  3.50000000e-01  0.00000000e+00  6.50000000e-01  0.00000000e+00 -9.81994702e-10  5.17776266e-09 -4.19576795e-09 -1.10284194e-17 
 2.50000000e+01  3.50000000e-01  0.00000000e+00  7.00000000e-01  0.00000000e+00 -9.81987476e-10  6.08552696e-09 -5.10353948e-09 -1.10278515e-17 
 2.50000000e+01  3.50000000e-01  0.00000000e+00  7.50000000e-01  0.00000000e+00 -9.81978469e-10  7.13726602e-09 -6.15528754e-09 -1.10272632e-17 
 2.50000000e+01  3.50000000e-01  0.00000000e+00  8.00000000e-01  0.00000000e+00 -9.81967237e-10  8.35058227e-09 -7.36861502e-09 -1.10266486e-17 
 2.50000000e+01  4.00000000e-01  0.00000000e+00  0.00000000e+00  0.00000000e+00 -4.27855444e-09  1.31073424e-09  2.96782018e-09  1.25503841e-17 
 2.50000000e+01  4.00000000e-01  0.00000000e+00  5.00000000e-02  0.00000000e+00 -1.83108001e-09  1.35073001e-09  4.80350003e-10 -2.41630570e-19 
 2.50000000e+01  4.00000000e-01  0.00000000e+00  1.00000000e-01  0.00000000e+00 -1.39901350e-09  1.41596380e-09 -1.69502988e-11 -3.63016973e-18 
 2.50000000e+01  4.00000000e-01  0.00000000e+00  1.50000000e-01  0.00000000e+00 -1.32534945e-09  1.51078451e-09 -1.85435060e-10 -5.54173783e-18 
 2.50000000e+01  4.00000000e-01  0.00000000e+00  2.00000000e-01  0.00000000e+00 -1.31310514e-09  1.64007222e-09 -3.26967064e-10 -7.11683853e-18 
 2.50000000e+01  4.00000000e-01  0.00000000e+00  2.50000000e-01  0.00000000e+00 -1.31111132e-09  1.80929639e-09 -4.98185067e-10 -8.53324921e-18 
 2.50000000e+01  4.00000000e-01  0.00000000e+00  3.00000000e-01  0.00000000e+00 -1.31079259e-09  2.02457814e-09 -7.13785538e-10 -9.83231682e-18 
 2.50000000e+01  4.00000000e-01  0.00000000e+00  3.50000000e-01  0.00000000e+00 -1.31074234e-09  2.29275775e-09 -9.82015402e-10 -1.10310816e-17 
 2.50000000e+01  4.00000000e-01  0.00000000e+00  4.00000000e-01  0.00000000e+00 -1.31073423e-09  2.62146848e-09 -1.31073423e-09 -1.21416056e-17 
 2.50000000e+01  4.00000000e-01  0.00000000e+00  4.50000000e-01  0.00000000e+00 -1.31073266e-09  3.01921715e-09 -1.70848447e-09 -1.21410951e-17 
 2.50000000e+01  4.00000000e-01  0.00000000e+00  5.00000000e-01  0.00000000e+00 -1.31073202e-09  3.49547230e-09 -2.18474027e-09 -1.21405818e-17 
 2.50000000e+01  4.00000000e-01  0.00000000e+00  5.50000000e-01  0.00000000e+00 -1.31073141e-09  4.06076050e-09 -2.75002908e-09 -1.21400653e-17 
 2.50000000e+01  4.00000000e-01  0.00000000e+00  6.00000000e-01  0.00000000e+00 -1.31073067e-09  4.72677154e-09 -3.41604085e-09 -1.21395453e-17 
 2.50000000e+01  4.00000000e-01  0.00000000e+00  6.50000000e-01  0.00000000e+00 -1.31072976e-09  5.50647338e-09 -4.19574361e-09 -1.21390210e-17 
 2.50000000e+01  4.00000000e-01  0.00000000e+00  7.00000000e-01  0.00000000e+00 -1.31072862e-09  6.41423768e-09 -5.10350905e-09 -1.21384916e-17 
 2.50000000e+01  4.00000000e-01  0.00000000e+00  7.50000000e-01  0.00000000e+00 -1.31072721e-09  7.46597674e-09 -6.15524951e-09 -1.21379562e-17 
 2.50000000e+01  4.00000000e-01  0.00000000e+00  8.00000000e-01  0.00000000e+00 -1.31072545e-09  8.67929298e-09 -7.36856752e-09 -1.21374133e-17 
 2.50000000e+01  4.50000000e-01  0.00000000e+00  0.00000000e+00  0.00000000e+00 -5.36993103e-09  1.70848291e-09  3.66144810e-09  1.78447621e-17 
 2.50000000e+01  4.50000000e-01  0.00000000e+00  5.00000000e-02  0.00000000e+00 -2.35311439e-09  1.74847868e-09  6.04635704e-10  6.23601611e-19 
 2.50000000e+01  4.50000000e-01  0.00000000e+00  1.00000000e-01  0.00000000e+00 -1.81818766e-09  1.81371247e-09  4.47519227e-12 -3.49472814e-18 
 2.50000000e+01  4.50000000e-01  0.00000000e+00  1.50000000e-01  0.00000000e+00 -1.72669687e-09  1.90853319e-09 -1.81836310e-10 -5.52092740e-18 
 2.50000000e+01  4.50000000e-01  0.00000000e+00  2.00000000e-01  0.00000000e+00 -1.71144750e-09  2.03782089e-09 -3.26373383e-10 -7.11337455e-18 
 2.50000000e+01  4.50000000e-01  0.00000000e+00  2.50000000e-01  0.00000000e+00 -1.70895699e-09  2.20704506e-09 -4.98088070e-10 -8.53232426e-18 
 2.50000000e+01  4.50000000e-01  0.00000000e+00  3.00000000e-01  0.00000000e+00 -1.70855736e-09  2.42232681e-09 -7.13769440e-10 -9.83175117e-18 
 2.50000000e+01  4.50000000e-01  0.00000000e+00  3.50000000e-01  0.00000000e+00 -1.70849430e-09  2.69050642e-09 -9.82012113e-10 -1.10305650e-17 
 2.50000000e+01  4.50000000e-01  0.00000000e+00  4.00000000e-01  0.00000000e+00 -1.70848447e-09  3.01921715e-09 -1.31073266e-09 -1.21410951e-17 
 2.50000000e+01  4.50000000e-01  0.00000000e+00  4.50000000e-01  0.00000000e+00 -1.70848290e-09  3.41696582e-09 -1.70848290e-09 -1.31733523e-17 
 2.50000000e+01  4.50000000e-01  0.00000000e+00  5.00000000e-01  0.00000000e+00 -1.70848260e-09  3.89322097e-09 -2.18473836e-09 -1.31728401e-17 
 2.50000000e+01  4.50000000e-01  0.00000000e+00  5.50000000e-01  0.00000000e+00 -1.70848247e-09  4.45850917e-09 -2.75002668e-09 -1.31723255e-17 
 2.50000000e+01  4.50000000e-01  0.00000000e+00  6.00000000e-01  0.00000000e+00 -1.70848235e-09  5.12452020e-09 -3.41603784e-09 -1.31718082e-17 
 2.50000000e+01  4.50000000e-01  0.00000000e+00  6.50000000e-01  0.00000000e+00 -1.70848220e-09  5.90422205e-09 -4.19573983e-09 -1.31712878e-17 
 2.50000000e+01  4.50000000e-01  0.00000000e+00  7.00000000e-01  0.00000000e+00 -1.70848202e-09  6.81198635e-09 -5.10350431e-09 -1.31707639e-17 
 2.50000000e+01  4.50000000e-01  0.00000000e+00  7.50000000e-01  0.00000000e+00 -1.70848180e-09  7.86372540e-09 -6.15524359e-09 -1.31702359e-17 
 2.50000000e+01  4.50000000e-01  0.00000000e+00  8.00000000e-01  0.00000000e+00 -1.70848152e-09  9.07704164e-09 -7.36856011e-09 -1.31697034e-17 
 2.50000000e+01  5.00000000e-01  0.00000000e+00  0.00000000e+00  0.00000000e+00 -6.69844539e-09  2.18473807e-09  4.51370729e-09  2.48850328e-17 
 2.50000000e+01  5.00000000e-01  0.00000000e+00  5.00000000e-02  0.00000000e+00 -2.98278859e-09  2.22473384e-09  7.58054748e-10  1.78771129e-18 
 2.50000000e+01  5.00000000e-01  0.00000000e+00  1.00000000e-01  0.00000000e+00 -2.32095978e-09  2.28996763e-09  3.09921469e-11 -3.31054921e-18 
 2.50000000e+01  5.00000000e-01  0.00000000e+00  1.50000000e-01  0.00000000e+00 -2.20741114e-09  2.38478835e-09 -1.77377205e-10 -5.49243368e-18 
 2.50000000e+01  5.00000000e-01  0.00000000e+00  2.00000000e-01  0.00000000e+00 -2.18843775e-09  2.51407605e-09 -3.25638294e-10 -7.10872899e-18 
 2.50000000e+01  5.00000000e-01  0.00000000e+00  2.50000000e-01  0.00000000e+00 -2.18533157e-09  2.68330022e-09 -4.97968648e-10 -8.53121976e-18 
 2.50000000e+01  5.00000000e-01  0.00000000e+00  3.00000000e-01  0.00000000e+00 -2.18483178e-09  2.89858197e-09 -7.13750186e-10 -9.83115697e-18 
 2.50000000e+01  5.00000000e-01  0.00000000e+00  3.50000000e-01  0.00000000e+00 -2.18475262e-09  3.16676158e-09 -9.82008955e-10 -1.10300420e-17 
 2.50000000e+01  5.00000000e-01  0.00000000e+00  4.00000000e-01  0.00000000e+00 -2.18474027e-09  3.49547230e-09 -1.31073202e-09 -1.21405818e-17 
 2.50000000e+01  5.00000000e-01  0.00000000e+00  4.50000000e-01  0.00000000e+00 -2.18473836e-09  3.89322097e-09 -1.70848260e-09 -1.31728401e-17 
 2.50000000e+01  5.00000000e-01  0.00000000e+00  5.00000000e-01  0.00000000e+00 -2.18473806e-09  4.36947613e-09 -2.18473806e-09 -1.41353337e-17 
 2.50000000e+01  5.00000000e-01  0.00000000e+00  5.50000000e-01  0.00000000e+00 -2.18473800e-09  4.93476432e-09 -2.75002631e-09 -1.41348193e-17 
 2.50000000e+01  5.00000000e-01  0.00000000e+00  6.00000000e-01  0.00000000e+00 -2.18473797e-09  5.60077536e-09 -3.41603737e-09 -1.41343023e-17 
 2.50000000e+01  5.00000000e-01  0.00000000e+00  6.50000000e-01  0.00000000e+00 -2.18473794e-09  6.38047720e-09 -4.19573924e-09 -1.41337824e-17 
 2.50000000e+01  5.00000000e-01  0.00000000e+00  7.00000000e-01  0.00000000e+00 -2.18473791e-09  7.28824149e-09 -5.10350357e-09 -1.41332593e-17 
 2.50000000e+01  5.00000000e-01  0.00000000e+00  7.50000000e-01  0.00000000e+00 -2.18473787e-09  8.33998055e-09 -6.15524267e-09 -1.41327324e-17 
 2.50000000e+01  5.00000000e-01  0.00000000e+00  8.00000000e-01  0.00000000e+00 -2.18473782e-09  9.55329679e-09 -7.36855896e-09 -1.41322013e-17 
 2.50000000e+01  5.50000000e-01  0.00000000e+00  0.00000000e+00  0.00000000e+00 -8.31030401e-09  2.75002627e-09  5.56027770e-09  3.41868030e-17 
 2.50000000e+01  5.50000000e-01  0.00000000e+00  5.00000000e-02  0.00000000e+00 -3.73742614e-09  2.79002204e-09  9.47404097e-10  3.34272070e-18 
 2.50000000e+01  5.50000000e-01  0.00000000e+00  1.00000000e-01  0.00000000e+00 -2.91907346e-09  2.85525584e-09  6.38176300e-11 -3.06214262e-18 
 2.50000000e+01  5.50000000e-01  0.00000000e+00  1.50000000e-01  0.00000000e+00 -2.77822904e-09  2.95007655e-09 -1.71847503e-10 -5.45374775e-18 
 2.50000000e+01  5.50000000e-01  0.00000000e+00  2.00000000e-01  0.00000000e+00 -2.75463819e-09  3.07936425e-09 -3.24726051e-10 -7.10250699e-18 
 2.50000000e+01  5.50000000e-01  0.00000000e+00  2.50000000e-01  0.00000000e+00 -2.75076783e-09  3.24858842e-09 -4.97820583e-10 -8.52987513e-18 
 2.50000000e+01  5.50000000e-01  0.00000000e+00  3.00000000e-01  0.00000000e+00 -2.75014371e-09  3.46387017e-09 -7.13726451e-10 -9.83052519e-18 
 2.50000000e+01  5.50000000e-01  0.00000000e+00  3.50000000e-01  0.00000000e+00 -2.75004460e-09  3.73204978e-09 -9.82005172e-10 -1.10295116e-17 
 2.50000000e+01  5.50000000e-01  0.00000000e+00  4.00000000e-01  0.00000000e+00 -2.75002908e-09  4.06076050e-09 -1.31073141e-09 -1.21400653e-17 
 2.50000000e+01  5.50000000e-01  0.00000000e+00  4.50000000e-01  0.00000000e+00 -2.75002668e-09  4.45850917e-09 -1.70848247e-09 -1.31723255e-17 
 2.50000000e+01  5.50000000e-01  0.00000000e+00  5.00000000e-01  0.00000000e+00 -2.75002631e-09  4.93476432e-09 -2.18473800e-09 -1.41348193e-17 
 2.50000000e+01  5.50000000e-01  0.00000000e+00  5.50000000e-01  0.00000000e+00 -2.75002625e-09  5.50005252e-09 -2.75002625e-09 -1.50348668e-17 
 2.50000000e+01  5.50000000e-01  0.00000000e+00  6.00000000e-01  0.00000000e+00 -2.75002624e-09  6.16606355e-09 -3.41603730e-09 -1.50343499e-17 
 2.50000000e+01  5.50000000e-01  0.00000000e+00  6.50000000e-01  0.00000000e+00 -2.75002623e-09  6.94576539e-09 -4.19573915e-09 -1.50338301e-17 
 2.50000000e+01  5.50000000e-01  0.00000000e+00  7.00000000e-01  0.00000000e+00 -2.75002621e-09  7.85352968e-09 -5.10350346e-09 -1.50333070e-17 
 2.50000000e+01  5.50000000e-01  0.00000000e+00  7.50000000e-01  0.00000000e+00 -2.75002620e-09  8.90526873e-09 -6.15524252e-09 -1.50327803e-17 
 2.50000000e+01  5.50000000e-01  0.00000000e+00  8.00000000e-01  0.00000000e+00 -2.75002618e-09  1.01185850e-08 -7.36855877e-09 -1.50322494e-17 
 2.50000000e+01  6.00000000e-01  0.00000000e+00  0.00000000e+00  0.00000000e+00 -1.02606220e-08  3.41603731e-09  6.84458463e-09  4.64065877e-17 
 2.50000000e+01  6.00000000e-01  0.00000000e+00  5.00000000e-02  0.00000000e+00 -4.63705742e-09  3.45603308e-09  1.18102433e-09  5.40703886e-18 
 2.50000000e+01  6.00000000e-01  0.00000000e+00  1.00000000e-01  0.00000000e+00 -3.62571786e-09  3.52126687e-09  1.04450992e-10 -2.72942775e-18 
 2.50000000e+01  6.00000000e-01  0.00000000e+00  1.50000000e-01  0.00000000e+00 -3.45109935e-09  3.61608759e-09 -1.64988232e-10 -5.40159706e-18 
 2.50000000e+01  6.00000000e-01  0.00000000e+00  2.00000000e-01  0.00000000e+00 -3.42178228e-09  3.74537529e-09 -3.23592998e-10 -7.09419011e-18 
 2.50000000e+01  6.00000000e-01  0.00000000e+00  2.50000000e-01  0.00000000e+00 -3.41696286e-09  3.91459946e-09 -4.97636591e-10 -8.52820996e-18 
 2.50000000e+01  6.00000000e-01  0.00000000e+00  3.00000000e-01  0.00000000e+00 -3.41618421e-09  4.12988121e-09 -7.13696987e-10 -9.82984347e-18 
 2.50000000e+01  6.00000000e-01  0.00000000e+00  3.50000000e-01  0.00000000e+00 -3.41606030e-09  4.39806082e-09 -9.82000503e-10 -1.10289716e-17 
 2.50000000e+01  6.00000000e-01  0.00000000e+00  4.00000000e-01  0.00000000e+00 -3.41604085e-09  4.72677154e-09 -1.31073067e-09 -1.21395453e-17 
 2.50000000e+01  6.00000000e-01  0.00000000e+00  4.50000000e-01  0.00000000e+00 -3.41603784e-09  5.12452020e-09 -1.70848235e-09 -1.31718082e-17 
 2.50000000e+01  6.00000000e-01  0.00000000e+00  5.00000000e-01  0.00000000e+00 -3.41603737e-09  5.60077536e-09 -2.18473797e-09 -1.41343023e-17 
 2.50000000e+01  6.00000000e-01  0.00000000e+00  5.50000000e-01  0.00000000e+00 -3.41603730e-09  6.16606355e-09 -2.75002624e-09 -1.50343499e-17 
 2.50000000e+01  6.00000000e-01  0.00000000e+00  6.00000000e-01  0.00000000e+00 -3.41603728e-09  6.83207458e-09 -3.41603728e-09 -1.58782836e-17 
 2.50000000e+01  6.00000000e-01  0.00000000e+00  6.50000000e-01  0.00000000e+00 -3.41603727e-09  7.61177642e-09 -4.19573913e-09 -1.58777638e-17 
 2.50000000e+01  6.00000000e-01  0.00000000e+00  7.00000000e-01  0.00000000e+00 -3.41603726e-09  8.51954071e-09 -5.10350343e-09 -1.58772407e-17 
 2.50000000e+01  6.00000000e-01  0.00000000e+00  7.50000000e-01  0.00000000e+00 -3.41603725e-09  9.57127976e-09 -6.15524249e-09 -1.58767140e-17 
 2.50000000e+01  6.00000000e-01  0.00000000e+00  8.00000000e-01  0.00000000e+00 -3.41603724e-09  1.07845960e-08 -7.36855873e-09 -1.58761832e-17 
 2.50000000e+01  6.50000000e-01  0.00000000e+00  0.00000000e+00  0.00000000e+00 -1.26151800e-08  4.19573917e-09  8.41944078e-09  6.23775762e-17 
 2.50000000e+01  6.50000000e-01  0.00000000e+00  5.00000000e-02  0.00000000e+00 -5.70488366e-09  4.23573493e-09  1.46914872e-09  8.13258319e-18 
 2.50000000e+01  6.50000000e-01  0.00000000e+00  1.00000000e-01  0.00000000e+00 -4.45570954e-09  4.30096872e-09  1.54740816e-10 -2.28644909e-18 
 2.50000000e+01  6.50000000e-01  0.00000000e+00  1.50000000e-01  0.00000000e+00 -4.23931003e-09  4.39578944e-09 -1.56479397e-10 -5.33172700e-18 
 2.50000000e+01  6.50000000e-01  0.00000000e+00  2.00000000e-01  0.00000000e+00 -4.20289188e-09  4.52507714e-09 -3.22185244e-10 -7.08310077e-18 
 2.50000000e+01  6.50000000e-01  0.00000000e+00  2.50000000e-01  0.00000000e+00 -4.19689355e-09  4.69430131e-09 -4.97407755e-10 -8.52611858e-18 
 2.50000000e+01  6.50000000e-01  0.00000000e+00  3.00000000e-01  0.00000000e+00 -4.19592271e-09  4.90958306e-09 -7.13660331e-10 -9.82909543e-18 
 2.50000000e+01  6.50000000e-01  0.00000000e+00  3.50000000e-01  0.00000000e+00 -4.19576795e-09  5.17776266e-09 -9.81994702e-10 -1.10284194e-17 
 2.50000000e+01  6.50000000e-01  0.00000000e+00  4.00000000e-01  0.00000000e+00 -4.19574361e-09  5.50647338e-09 -1.31072976e-09 -1.21390210e-17 
 2.50000000e+01  6.50000000e-01  0.00000000e+00  4.50000000e-01  0.00000000e+00 -4.19573983e-09  5.90422205e-09 -1.70848220e-09 -1.31712878e-17 
 2.50000000e+01  6.50000000e-01  0.00000000e+00  5.00000000e-01  0.00000000e+00 -4.19573924e-09  6.38047720e-09 -2.18473794e-09 -1.41337824e-17 
 2.50000000e+01  6.50000000e-01  0.00000000e+00  5.50000000e-01  0.00000000e+00 -4.19573915e-09  6.94576539e-09 -2.75002623e-09 -1.50338301e-17 
 2.50000000e+01  6.50000000e-01  0.00000000e+00  6.00000000e-01  0.00000000e+00 -4.19573913e-09  7.61177642e-09 -3.41603727e-09 -1.58777638e-17 
 2.50000000e+01  6.50000000e-01  0.00000000e+00  6.50000000e-01  0.00000000e+00 -4.19573912e-09  8.39147825e-09 -4.19573912e-09 -1.66710909e-17 
 2.50000000e+01  6.50000000e-01  0.00000000e+00  7.00000000e-01  0.00000000e+00 -4.19573911e-09  9.29924254e-09 -5.10350342e-09 -1.66705679e-17 
 2.50000000e+01  6.50000000e-01  0.00000000e+00  7.50000000e-01  0.00000000e+00 -4.19573910e-09  1.03509816e-08 -6.15524247e-09 -1.66700411e-17 
 2.50000000e+01  6.50000000e-01  0.00000000e+00  8.00000000e-01  0.00000000e+00 -4.19573908e-09  1.15642978e-08 -7.36855872e-09 -1.66695103e-17 
 2.50000000e+01  7.00000000e-01  0.00000000e+00  0.00000000e+00  0.00000000e+00 -1.54525410e-08  5.10350347e-09  1.03490375e-08  8.31537424e-17 
 2.50000000e+01  7.00000000e-01  0.00000000e+00  5.00000000e-02  0.00000000e+00 -6.96782878e-09  5.14349924e-09  1.82432953e-09  1.17137170e-17 
 2.50000000e+01  7.00000000e-01  0.00000000e+00  1.00000000e-01  0.00000000e+00 -5.42569956e-09  5.20873303e-09  2.16966532e-10 -1.69974652e-18 
 2.50000000e+01  7.00000000e-01  0.00000000e+00  1.50000000e-01  0.00000000e+00 -5.15762849e-09  5.30355374e-09 -1.45925244e-10 -5.23862154e-18 
 2.50000000e+01  7.00000000e-01  0.00000000e+00  2.00000000e-01  0.00000000e+00 -5.11240538e-09  5.43284144e-09 -3.20436054e-10 -7.06835619e-18 
 2.50000000e+01  7.00000000e-01  0.00000000e+00  2.50000000e-01  0.00000000e+00 -5.10494255e-09  5.60206561e-09 -4.97123051e-10 -8.52346270e-18 
 2.50000000e+01  7.00000000e-01  0.00000000e+00  3.00000000e-01  0.00000000e+00 -5.10373266e-09  5.81734736e-09 -7.13614685e-10 -9.82825957e-18 
 2.50000000e+01  7.00000000e-01  0.00000000e+00  3.50000000e-01  0.00000000e+00 -5.10353948e-09  6.08552696e-09 -9.81987476e-10 -1.10278515e-17 
 2.50000000e+01  7.00000000e-01  0.00000000e+00  4.00000000e-01  0.00000000e+00 -5.10350905e-09  6.41423768e-09 -1.31072862e-09 -1.21384916e-17 
 2.50000000e+01  7.00000000e-01  0.00000000e+00  4.50000000e-01  0.00000000e+00 -5.10350431e-09  6.81198635e-09 -1.70848202e-09 -1.31707639e-17 
 2.50000000e+01  7.00000000e-01  0.00000000e+00  5.00000000e-01  0.00000000e+00 -5.10350357e-09  7.28824149e-09 -2.18473791e-09 -1.41332593e-17 
 2.50000000e+01  7.00000000e-01  0.00000000e+00  5.50000000e-01  0.00000000e+00 -5.10350346e-09  7.85352968e-09 -2.75002621e-09 -1.50333070e-17 
 2.50000000e+01  7.00000000e-01  0.00000000e+00  6.00000000e-01  0.00000000e+00 -5.10350343e-09  8.51954071e-09 -3.41603726e-09 -1.58772407e-17 
 2.50000000e+01  7.00000000e-01  0.00000000e+00  6.50000000e-01  0.00000000e+00 -5.10350342e-09  9.29924254e-09 -4.19573911e-09 -1.66705679e-17 
 2.50000000e+01  7.00000000e-01  0.00000000e+00  7.00000000e-01  0.00000000e+00 -5.10350341e-09  1.02070068e-08 -5.10350341e-09 -1.74181009e-17 
 2.50000000e+01  7.00000000e-01  0.00000000e+00  7.50000000e-01  0.00000000e+00 -5.10350339e-09  1.12587459e-08 -6.15524246e-09 -1.74175742e-17 
 2.50000000e+01  7.00000000e-01  0.00000000e+00  8.00000000e-01  0.00000000e+00 -5.10350338e-09  1.24720621e-08 -7.36855870e-09 -1.74170434e-17 
 2.50000000e+01  7.50000000e-01  0.00000000e+00  0.00000000e+00  0.00000000e+00 -1.88666159e-08  6.15524254e-09  1.27113732e-08  1.10064018e-16 
 2.50000000e+01  7.50000000e-01  0.00000000e+00  5.00000000e-02  0.00000000e+00 -8.45720043e-09  6.19523830e-09  2.26196212e-09  1.63984311e-17 
 2.50000000e+01  7.50000000e-01  0.00000000e+00  1.00000000e-01  0.00000000e+00 -6.55441103e-09  6.26047209e-09  2.93938937e-10 -9.26293687e-19 
 2.50000000e+01  7.50000000e-01  0.00000000e+00  1.50000000e-01  0.00000000e+00 -6.22245660e-09  6.35529280e-09 -1.32836194e-10 -5.11514718e-18 
 2.50000000e+01  7.50000000e-01  0.00000000e+00  2.00000000e-01  0.00000000e+00 -6.16631779e-09  6.48458050e-09 -3.18262708e-10 -7.04880936e-18 
 2.50000000e+01  7.50000000e-01  0.00000000e+00  2.50000000e-01  0.00000000e+00 -6.15703586e-09  6.65380467e-09 -4.96768803e-10 -8.52006186e-18 
 2.50000000e+01  7.50000000e-01  0.00000000e+00  3.00000000e-01  0.00000000e+00 -6.15552858e-09  6.86908642e-09 -7.13557828e-10 -9.82730776e-18 
 2.50000000e+01  7.50000000e-01  0.00000000e+00  3.50000000e-01  0.00000000e+00 -6.15528754e-09  7.13726602e-09 -9.81978469e-10 -1.10272632e-17 
 2.50000000e+01  7.50000000e-01  0.00000000e+00  4.00000000e-01  0.00000000e+00 -6.15524951e-09  7.46597674e-09 -1.31072721e-09 -1.21379562e-17 
 2.50000000e+01  7.50000000e-01  0.00000000e+00  4.50000000e-01  0.00000000e+00 -6.15524359e-09  7.86372540e-09 -1.70848180e-09 -1.31702359e-17 
 2.50000000e+01  7.50000000e-01  0.00000000e+00  5.00000000e-01  0.00000000e+00 -6.15524267e-09  8.33998055e-09 -2.18473787e-09 -1.41327324e-17 
 2.50000000e+01  7.50000000e-01  0.00000000e+00  5.50000000e-01  0.00000000e+00 -6.15524252e-09  8.90526873e-09 -2.75002620e-09 -1.50327803e-17 
 2.50000000e+01  7.50000000e-01  0.00000000e+00  6.00000000e-01  0.00000000e+00 -6.15524249e-09  9.57127976e-09 -3.41603725e-09 -1.58767140e-17 
 2.50000000e+01  7.50000000e-01  0.00000000e+00  6.50000000e-01  0.00000000e+00 -6.15524247e-09  1.03509816e-08 -4.19573910e-09 -1.66700411e-17 
 2.50000000e+01  7.50000000e-01  0.00000000e+00  7.00000000e-01  0.00000000e+00 -6.15524246e-09  1.12587459e-08 -5.10350339e-09 -1.74175742e-17 
 2.50000000e+01  7.50000000e-01  0.00000000e+00  7.50000000e-01  0.00000000e+00 -6.15524244e-09  1.23104849e-08 -6.15524244e-09 -1.81235370e-17 
 2.50000000e+01  7.50000000e-01  0.00000000e+00  8.00000000e-01  0.00000000e+00 -6.15524242e-09  1.35238011e-08 -7.36855868e-09 -1.81230061e-17 
 2.50000000e+01  8.00000000e-01  0.00000000e+00  0.00000000e+00  0.00000000e+00 -2.29697883e-08  7.36855879e-09  1.56012294e-08  1.44778526e-16 
 2.50000000e+01  8.00000000e-01  0.00000000e+00  5.00000000e-02  0.00000000e+00 -1.02094875e-08  7.40855455e-09  2.80093293e-09  2.25022899e-17 
 2.50000000e+01  8.00000000e-01  0.00000000e+00  1.00000000e-01  0.00000000e+00 -7.86291315e-09  7.47378834e-09  3.89124806e-10  8.91033803e-20 
 2.50000000e+01  8.00000000e-01  0.00000000e+00  1.50000000e-01  0.00000000e+00 -7.45200257e-09  7.56860905e-09 -1.16606483e-10 -4.95210035e-18 
 2.50000000e+01  8.00000000e-01  0.00000000e+00  2.00000000e-01  0.00000000e+00 -7.38233410e-09  7.69789675e-09 -3.15562642e-10 -7.02297357e-18 
 2.50000000e+01  8.00000000e-01  0.00000000e+00  2.50000000e-01  0.00000000e+00 -7.37079288e-09  7.86712092e-09 -4.96328030e-10 -8.51568128e-18 
 2.50000000e+01  8.00000000e-01  0.00000000e+00  3.00000000e-01  0.00000000e+00 -7.36891566e-09  8.08240266e-09 -7.13486994e-10 -9.82620334e-18 
 2.50000000e+01  8.00000000e-01  0.00000000e+00  3.50000000e-01  0.00000000e+00 -7.36861502e-09  8.35058227e-09 -9.81967237e-10 -1.10266486e-17 
 2.50000000e+01  8.00000000e-01  0.00000000e+00  4.00000000e-01  0.00000000e+00 -7.36856752e-09  8.67929298e-09 -1.31072545e-09 -1.21374133e-17 
 2.50000000e+01  8.00000000e-01  0.00000000e+00  4.50000000e-01  0.00000000e+00 -7.36856011e-09  9.07704164e-09 -1.70848152e-09 -1.31697034e-17 
 2.50000000e+01  8.00000000e-01  0.00000000e+00  5.00000000e-01  0.00000000e+00 -7.36855896e-09  9.55329679e-09 -2.18473782e-09 -1.41322013e-17 
 2.50000000e+01  8.00000000e-01  0.00000000e+00  5.50000000e-01  0.00000000e+00 -7.36855877e-09  1.01185850e-08 -2.75002618e-09 -1.50322494e-17 
 2.50000000e+01  8.00000000e-01  0.00000000e+00  6.00000000e-01  0.00000000e+00 -7.36855873e-09  1.07845960e-08 -3.41603724e-09 -1.58761832e-17 
 2.50000000e+01  8.00000000e-01  0.00000000e+00  6.50000000e-01  0.00000000e+00 -7.36855872e-09  1.15642978e-08 -4.19573908e-09 -1.66695103e-17 
 2.50000000e+01  8.00000000e-01  0.00000000e+00  7.00000000e-01  0.00000000e+00 -7.36855870e-09  1.24720621e-08 -5.10350338e-09 -1.74170434e-17 
 2.50000000e+01  8.00000000e-01  0.00000000e+00  7.50000000e-01  0.00000000e+00 -7.36855868e-09  1.35238011e-08 -6.15524242e-09 -1.81230061e-17 
 2.50000000e+01  8.00000000e-01  0.00000000e+00  8.00000000e-01  0.00000000e+00 -7.36855866e-09  1.47371173e-08 -7.36855866e-09 -1.87911211e-17 
