 2.50000000e+01  0.00000000e+00  8.00000000e-01  0.00000000e+00  0.00000000e+00  2.48207884e-09 -4.97313923e-09  2.48207884e-09  8.98154406e-12 
 2.50000000e+01  0.00000000e+00  8.00000000e-01  5.00000000e-02  0.00000000e+00  5.19451818e-06 -4.79027928e-09 -5.18973779e-06  9.88455999e-12 
 2.50000000e+01  0.00000000e+00  8.00000000e-01  1.00000000e-01  0.00000000e+00  9.88259460e-06 -4.61956207e-09 -9.87798592e-06  1.08779229e-11 
 2.50000000e+01  0.00000000e+00  8.00000000e-01  1.50000000e-01  0.00000000e+00  1.40737633e-05 -4.47095783e-09 -1.40693043e-05  1.19706557e-11 
 2.50000000e+01  0.00000000e+00  8.00000000e-01  2.00000000e-01  0.00000000e+00  1.77725833e-05 -4.34168568e-09 -1.77682548e-05  1.31727352e-11 
 2.50000000e+01  0.00000000e+00  8.00000000e-01  2.50000000e-01  0.00000000e+00  2.09793398e-05 -4.23083568e-09 -2.09751234e-05  1.44952522e-11 
 2.50000000e+01  0.00000000e+00  8.00000000e-01  3.00000000e-01  0.00000000e+00  2.36887826e-05 -4.13892831e-09 -2.36846596e-05  1.59506353e-11 
 2.50000000e+01  0.00000000e+00  8.00000000e-01  3.50000000e-01  0.00000000e+00  2.58987261e-05 -4.06792422e-09 -2.58946758e-05  1.75528476e-11 
 2.50000000e+01  0.00000000e+00  8.00000000e-01  4.00000000e-01  0.00000000e+00  2.76478607e-05 -4.01941014e-09 -2.76438606e-05  1.93171288e-11 
 2.50000000e+01  0.00000000e+00  8.00000000e-01  4.50000000e-01  0.00000000e+00  2.90491705e-05 -3.99131395e-09 -2.90452004e-05  2.12592578e-11 
 2.50000000e+01  0.00000000e+00  8.00000000e-01  5.00000000e-01  0.00000000e+00  3.02385306e-05 -3.97871469e-09 -3.02345752e-05  2.33957194e-11 
 2.50000000e+01  0.00000000e+00  8.00000000e-01  5.50000000e-01  0.00000000e+00  3.13117061e-05 -3.97722033e-09 -3.13077546e-05  2.57446373e-11 
 2.50000000e+01  0.00000000e+00  8.00000000e-01  6.00000000e-01  0.00000000e+00  3.23216329e-05 -3.98397226e-09 -3.23176772e-05  2.83262382e-11 
 2.50000000e+01  0.00000000e+00  8.00000000e-01  6.50000000e-01  0.00000000e+00  3.32961871e-05 -3.99923428e-09 -3.32922190e-05  3.11629650e-11 
 2.50000000e+01  0.00000000e+00  8.00000000e-01  7.00000000e-01  0.00000000e+00  3.42505448e-05 -4.02266220e-09 -3.42465564e-05  3.42795770e-11 
 2.50000000e+01  0.00000000e+00  8.00000000e-01  7.50000000e-01  0.00000000e+00  3.51934256e-05 -4.04432621e-09 -3.51894189e-05  3.77033050e-11 
 2.50000000e+01  0.00000000e+00  8.00000000e-01  8.00000000e-01  0.00000000e+00  3.61301085e-05 -4.06314005e-09 -3.61260868e-05  4.14640522e-11 
 2.50000000e+01  5.00000000e-02  8.00000000e-01  0.00000000e+00  0.00000000e+00 -5.18973779e-06 -4.79027928e-09  5.19451818e-06  9.88455999e-12 
 2.50000000e+01  5.00000000e-02  8.00000000e-01  5.00000000e-02  0.00000000e+00  1.95694211e-09 -3.91801791e-09  1.95694211e-09  4.13399484e-12 
 2.50000000e+01  5.00000000e-02  8.00000000e-01  1.00000000e-01  0.00000000e+00  4.90417344e-06 -3.76585518e-09 -4.90041214e-06  4.55171522e-12 
 2.50000000e+01  5.00000000e-02  8.00000000e-01  1.50000000e-01  0.00000000e+00  9.26517602e-06 -3.62535424e-09 -9.26155567e-06  5.01158985e-12 
 2.50000000e+01  5.00000000e-02  8.00000000e-01  2.00000000e-01  0.00000000e+00  1.30933760e-05 -3.50418805e-09 -1.30898773e-05  5.51791128e-12 
 2.50000000e+01  5.00000000e-02  8.00000000e-01  2.50000000e-01  0.00000000e+00  1.63937649e-05 -3.40026896e-09 -1.63903707e-05  6.07549594e-12 
 2.50000000e+01  5.00000000e-02  8.00000000e-01  3.00000000e-01  0.00000000e+00  1.91664856e-05 -3.31332117e-09 -1.91631789e-05  6.68983635e-12 
 2.50000000e+01  5.00000000e-02  8.00000000e-01  3.50000000e-01  0.00000000e+00  2.14122349e-05 -3.24454819e-09 -2.14089977e-05  7.36728323e-12 
 2.50000000e+01  5.00000000e-02  8.00000000e-01  4.00000000e-01  0.00000000e+00  2.31658749e-05 -3.19555093e-09 -2.31626874e-05  8.11491419e-12 
 2.50000000e+01  5.00000000e-02  8.00000000e-01  4.50000000e-01  0.00000000e+00  2.45415524e-05 -3.16517923e-09 -2.45383962e-05  8.93975878e-12 
 2.50000000e+01  5.00000000e-02  8.00000000e-01  5.00000000e-01  0.00000000e+00  2.56893118e-05 -3.14922888e-09 -2.56861724e-05  9.84860806e-12 
 2.50000000e+01  5.00000000e-02  8.00000000e-01  5.50000000e-01  0.00000000e+00  2.67169351e-05 -3.14361515e-09 -2.67138023e-05  1.08488381e-11 
 2.50000000e+01  5.00000000e-02  8.00000000e-01  6.00000000e-01  0.00000000e+00  2.76822527e-05 -3.14565796e-09 -2.76791190e-05  1.19488686e-11 
 2.50000000e+01  5.00000000e-02  8.00000000e-01  6.50000000e-01  0.00000000e+00  2.86144508e-05 -3.15574322e-09 -2.86113083e-05  1.31581947e-11 
 2.50000000e+01  5.00000000e-02  8.00000000e-01  7.00000000e-01  0.00000000e+00  2.95288245e-05 -3.17360049e-09 -2.95256654e-05  1.44873779e-11 
 2.50000000e+01  5.00000000e-02  8.00000000e-01  7.50000000e-01  0.00000000e+00  3.04338936e-05 -3.18934346e-09 -3.04307202e-05  1.59480845e-11 
 2.50000000e+01  5.00000000e-02  8.00000000e-01  8.00000000e-01  0.00000000e+00  3.13346864e-05 -3.20190585e-09 -3.13315020e-05  1.75531601e-11 
 2.50000000e+01  1.00000000e-01  8.00000000e-01  0.00000000e+00  0.00000000e+00 -9.87798592e-06 -4.61956207e-09  9.88259460e-06  1.08779229e-11 
 2.50000000e+01  1.00000000e-01  8.00000000e-01  5.00000000e-02  0.00000000e+00 -4.90041214e-06 -3.76585518e-09  4.90417344e-06  4.55171522e-12 
 2.50000000e+01  1.00000000e-01  8.00000000e-01  1.00000000e-01  0.00000000e+00  1.51468748e-09 -3.03127479e-09  1.51468748e-09  1.90032087e-12 
 2.50000000e+01  1.00000000e-01  8.00000000e-01  1.50000000e-01  0.00000000e+00  4.54883037e-06 -2.90589064e-09 -4.54592657e-06  2.09318078e-12 
 2.50000000e+01  1.00000000e-01  8.00000000e-01  2.00000000e-01  0.00000000e+00  8.51597914e-06 -2.79166201e-09 -8.51318979e-06  2.30577828e-12 
 2.50000000e+01  1.00000000e-01  8.00000000e-01  2.50000000e-01  0.00000000e+00  1.19130122e-05 -2.69439759e-09 -1.19103204e-05  2.54021700e-12 
 2.50000000e+01  1.00000000e-01  8.00000000e-01  3.00000000e-01  0.00000000e+00  1.47460705e-05 -2.61271049e-09 -1.47434606e-05  2.79895882e-12 
 2.50000000e+01  1.00000000e-01  8.00000000e-01  3.50000000e-01  0.00000000e+00  1.70206706e-05 -2.54700394e-09 -1.70181266e-05  3.08498884e-12 
 2.50000000e+01  1.00000000e-01  8.00000000e-01  4.00000000e-01  0.00000000e+00  1.87701288e-05 -2.49860443e-09 -1.87676336e-05  3.40181758e-12 
 2.50000000e+01  1.00000000e-01  8.00000000e-01  4.50000000e-01  0.00000000e+00  2.01096420e-05 -2.46708476e-09 -2.01071786e-05  3.75281060e-12 
 2.50000000e+01  1.00000000e-01  8.00000000e-01  5.00000000e-01  0.00000000e+00  2.12049333e-05 -2.44897258e-09 -2.12024885e-05  4.14070754e-12 
 2.50000000e+01  1.00000000e-01  8.00000000e-01  5.50000000e-01  0.00000000e+00  2.21775330e-05 -2.44051712e-09 -2.21750971e-05  4.56831004e-12 
 2.50000000e+01  1.00000000e-01  8.00000000e-01  6.00000000e-01  0.00000000e+00  2.30902890e-05 -2.43923282e-09 -2.30878548e-05  5.03898315e-12 
 2.50000000e+01  1.00000000e-01  8.00000000e-01  6.50000000e-01  0.00000000e+00  2.39733163e-05 -2.44563125e-09 -2.39708763e-05  5.55666422e-12 
 2.50000000e+01  1.00000000e-01  8.00000000e-01  7.00000000e-01  0.00000000e+00  2.48416966e-05 -2.45952325e-09 -2.48392432e-05  6.12580624e-12 
 2.50000000e+01  1.00000000e-01  8.00000000e-01  7.50000000e-01  0.00000000e+00  2.57035311e-05 -2.47107224e-09 -2.57010668e-05  6.75136448e-12 
 2.50000000e+01  1.00000000e-01  8.00000000e-01  8.00000000e-01  0.00000000e+00  2.65634606e-05 -2.47924037e-09 -2.65609888e-05  7.43881488e-12 
 2.50000000e+01  1.50000000e-01  8.00000000e-01  0.00000000e+00  0.00000000e+00 -1.40693043e-05 -4.47095783e-09  1.40737633e-05  1.19706557e-11 
 2.50000000e+01  1.50000000e-01  8.00000000e-01  5.00000000e-02  0.00000000e+00 -9.26155567e-06 -3.62535424e-09  9.26517602e-06  5.01158985e-12 
 2.50000000e+01  1.50000000e-01  8.00000000e-01  1.00000000e-01  0.00000000e+00 -4.54592657e-06 -2.90589064e-09  4.54883037e-06  2.09318078e-12 
 2.50000000e+01  1.50000000e-01  8.00000000e-01  1.50000000e-01  0.00000000e+00  1.14565682e-09 -2.29218733e-09  1.14565682e-09  8.73615447e-13 
 2.50000000e+01  1.50000000e-01  8.00000000e-01  2.00000000e-01  0.00000000e+00  4.11117307e-06 -2.18995222e-09 -4.10898408e-06  9.62416986e-13 
 2.50000000e+01  1.50000000e-01  8.00000000e-01  2.50000000e-01  0.00000000e+00  7.60239210e-06 -2.09835793e-09 -7.60029480e-06  1.06055728e-12 
 2.50000000e+01  1.50000000e-01  8.00000000e-01  3.00000000e-01  0.00000000e+00  1.04872720e-05 -2.02174011e-09 -1.04852515e-05  1.16915647e-12 
 2.50000000e+01  1.50000000e-01  8.00000000e-01  3.50000000e-01  0.00000000e+00  1.27775393e-05 -1.95944638e-09 -1.27755812e-05  1.28966660e-12 
 2.50000000e+01  1.50000000e-01  8.00000000e-01  4.00000000e-01  0.00000000e+00  1.45075879e-05 -1.91229832e-09 -1.45056770e-05  1.42397044e-12 
 2.50000000e+01  1.50000000e-01  8.00000000e-01  4.50000000e-01  0.00000000e+00  1.57944506e-05 -1.88033011e-09 -1.57925718e-05  1.57390758e-12 
 2.50000000e+01  1.50000000e-01  8.00000000e-01  5.00000000e-01  0.00000000e+00  1.68215681e-05 -1.86077953e-09 -1.68197090e-05  1.74060099e-12 
 2.50000000e+01  1.50000000e-01  8.00000000e-01  5.50000000e-01  0.00000000e+00  1.77260560e-05 -1.85024884e-09 -1.77242077e-05  1.92495615e-12 
 2.50000000e+01  1.50000000e-01  8.00000000e-01  6.00000000e-01  0.00000000e+00  1.85754690e-05 -1.84645987e-09 -1.85736246e-05  2.12821084e-12 
 2.50000000e+01  1.50000000e-01  8.00000000e-01  6.50000000e-01  0.00000000e+00  1.94001230e-05 -1.85005744e-09 -1.93982753e-05  2.35194922e-12 
 2.50000000e+01  1.50000000e-01  8.00000000e-01  7.00000000e-01  0.00000000e+00  2.02143787e-05 -1.86093629e-09 -2.02125204e-05  2.59802655e-12 
 2.50000000e+01  1.50000000e-01  8.00000000e-01  7.50000000e-01  0.00000000e+00  2.10256192e-05 -1.86930471e-09 -2.10237528e-05  2.86853555e-12 
 2.50000000e+01  1.50000000e-01  8.00000000e-01  8.00000000e-01  0.00000000e+00  2.18379206e-05 -1.87415683e-09 -2.18360496e-05  3.16580214e-12 
 2.50000000e+01  2.00000000e-01  8.00000000e-01  0.00000000e+00  0.00000000e+00 -1.77682548e-05 -4.34168568e-09  1.77725833e-05  1.31727352e-11 
 2.50000000e+01  2.00000000e-01  8.00000000e-01  5.00000000e-02  0.00000000e+00 -1.30898773e-05 -3.50418805e-09  1.30933760e-05  5.51791128e-12 
 2.50000000e+01  2.00000000e-01  8.00000000e-01  1.00000000e-01  0.00000000e+00 -8.51318979e-06 -2.79166201e-09  8.51597914e-06  2.30577828e-12 
 2.50000000e+01  2.00000000e-01  8.00000000e-01  1.50000000e-01  0.00000000e+00 -4.10898408e-06 -2.18995222e-09  4.11117307e-06  9.62416986e-13 
 2.50000000e+01  2.00000000e-01  8.00000000e-01  2.00000000e-01  0.00000000e+00  8.41216680e-10 -1.68283654e-09  8.41216680e-10  4.03560669e-13 
 2.50000000e+01  2.00000000e-01  8.00000000e-01  2.50000000e-01  0.00000000e+00  3.57076650e-06 -1.60044467e-09 -3.56916650e-06  4.44277848e-13 
 2.50000000e+01  2.00000000e-01  8.00000000e-01  3.00000000e-01  0.00000000e+00  6.48806935e-06 -1.52818069e-09 -6.48654166e-06  4.89527464e-13 
 2.50000000e+01  2.00000000e-01  8.00000000e-01  3.50000000e-01  0.00000000e+00  8.77096869e-06 -1.46928958e-09 -8.76949994e-06  5.40027213e-13 
 2.50000000e+01  2.00000000e-01  8.00000000e-01  4.00000000e-01  0.00000000e+00  1.04568242e-05 -1.42376511e-09 -1.04554010e-05  5.96841759e-13 
 2.50000000e+01  2.00000000e-01  8.00000000e-01  4.50000000e-01  0.00000000e+00  1.16657062e-05 -1.39180178e-09 -1.16643151e-05  6.61137623e-13 
 2.50000000e+01  2.00000000e-01  8.00000000e-01  5.00000000e-01  0.00000000e+00  1.26016542e-05 -1.37128175e-09 -1.26002837e-05  7.33450292e-13 
 2.50000000e+01  2.00000000e-01  8.00000000e-01  5.50000000e-01  0.00000000e+00  1.34193581e-05 -1.35918166e-09 -1.34179997e-05  8.13948234e-13 
 2.50000000e+01  2.00000000e-01  8.00000000e-01  6.00000000e-01  0.00000000e+00  1.41900647e-05 -1.35343070e-09 -1.41887122e-05  9.03005146e-13 
 2.50000000e+01  2.00000000e-01  8.00000000e-01  6.50000000e-01  0.00000000e+00  1.49430941e-05 -1.35481582e-09 -1.49417403e-05  1.00123034e-12 
 2.50000000e+01  2.00000000e-01  8.00000000e-01  7.00000000e-01  0.00000000e+00  1.56913836e-05 -1.36331035e-09 -1.56900214e-05  1.10938977e-12 
 2.50000000e+01  2.00000000e-01  8.00000000e-01  7.50000000e-01  0.00000000e+00  1.64412206e-05 -1.36916967e-09 -1.64398526e-05  1.22836765e-12 
 2.50000000e+01  2.00000000e-01  8.00000000e-01  8.00000000e-01  0.00000000e+00  1.71959058e-05 -1.37141454e-09 -1.71945357e-05  1.35915487e-12 
 2.50000000e+01  2.50000000e-01  8.00000000e-01  0.00000000e+00  0.00000000e+00 -2.09751234e-05 -4.23083568e-09  2.09793398e-05  1.44952522e-11 
 2.50000000e+01  2.50000000e-01  8.00000000e-01  5.00000000e-02  0.00000000e+00 -1.63903707e-05 -3.40026896e-09  1.63937649e-05  6.07549594e-12 
 2.50000000e+01  2.50000000e-01  8.00000000e-01  1.00000000e-01  0.00000000e+00 -1.19103204e-05 -2.69439759e-09  1.19130122e-05  2.54021700e-12 
 2.50000000e+01  2.50000000e-01  8.00000000e-01  1.50000000e-01  0.00000000e+00 -7.60029480e-06 -2.09835793e-09  7.60239210e-06  1.06055728e-12 
 2.50000000e+01  2.50000000e-01  8.00000000e-01  2.00000000e-01  0.00000000e+00 -3.56916650e-06 -1.60044467e-09  3.57076650e-06  4.44277848e-13 
 2.50000000e+01  2.50000000e-01  8.00000000e-01  2.50000000e-01  0.00000000e+00  5.93633584e-10 -1.18745680e-09  5.93633584e-10  1.89754840e-13 
 2.50000000e+01  2.50000000e-01  8.00000000e-01  3.00000000e-01  0.00000000e+00  2.91023088e-06 -1.12191900e-09 -2.90910917e-06  2.08309570e-13 
 2.50000000e+01  2.50000000e-01  8.00000000e-01  3.50000000e-01  0.00000000e+00  5.14824557e-06 -1.06602460e-09 -5.14717978e-06  2.29189810e-13 
 2.50000000e+01  2.50000000e-01  8.00000000e-01  4.00000000e-01  0.00000000e+00  6.75375406e-06 -1.02224362e-09 -6.75273207e-06  2.52988046e-13 
 2.50000000e+01  2.50000000e-01  8.00000000e-01  4.50000000e-01  0.00000000e+00  7.84862954e-06 -9.90549420e-10 -7.84763927e-06  2.80501622e-13 
 2.50000000e+01  2.50000000e-01  8.00000000e-01  5.00000000e-01  0.00000000e+00  8.66059395e-06 -9.69362812e-10 -8.65962490e-06  3.12088994e-13 
 2.50000000e+01  2.50000000e-01  8.00000000e-01  5.50000000e-01  0.00000000e+00  9.36454720e-06 -9.56027257e-10 -9.36359152e-06  3.47683950e-13 
 2.50000000e+01  2.50000000e-01  8.00000000e-01  6.00000000e-01  0.00000000e+00  1.00336974e-05 -9.48696677e-10 -1.00327490e-05  3.87342169e-13 
 2.50000000e+01  2.50000000e-01  8.00000000e-01  6.50000000e-01  0.00000000e+00  1.06947675e-05 -9.48290779e-10 -1.06938196e-05  4.31288972e-13 
 2.50000000e+01  2.50000000e-01  8.00000000e-01  7.00000000e-01  0.00000000e+00  1.13584744e-05 -9.54856194e-10 -1.13575200e-05  4.79845582e-13 
 2.50000000e+01  2.50000000e-01  8.00000000e-01  7.50000000e-01  0.00000000e+00  1.20296318e-05 -9.58694013e-10 -1.20286737e-05  5.33394229e-13 
 2.50000000e+01  2.50000000e-01  8.00000000e-01  8.00000000e-01  0.00000000e+00  1.27105701e-05 -9.58846780e-10 -1.27096118e-05  5.92366560e-13 
 2.50000000e+01  3.00000000e-01  8.00000000e-01  0.00000000e+00  0.00000000e+00 -2.36846596e-05 -4.13892831e-09  2.36887826e-05  1.59506353e-11 
 2.50000000e+01  3.00000000e-01  8.00000000e-01  5.00000000e-02  0.00000000e+00 -1.91631789e-05 -3.31332117e-09  1.91664856e-05  6.68983635e-12 
 2.50000000e+01  3.00000000e-01  8.00000000e-01  1.00000000e-01  0.00000000e+00 -1.47434606e-05 -2.61271049e-09  1.47460705e-05  2.79895882e-12 
 2.50000000e+01  3.00000000e-01  8.00000000e-01  1.50000000e-01  0.00000000e+00 -1.04852515e-05 -2.02174011e-09  1.04872720e-05  1.16915647e-12 
 2.50000000e+01  3.00000000e-01  8.00000000e-01  2.00000000e-01  0.00000000e+00 -6.48654166e-06 -1.52818069e-09  6.48806935e-06  4.89527464e-13 
 2.50000000e+01  3.00000000e-01  8.00000000e-01  2.50000000e-01  0.00000000e+00 -2.90910917e-06 -1.12191900e-09  2.91023088e-06  2.08309570e-13 
 2.50000000e+01  3.00000000e-01  8.00000000e-01  3.00000000e-01  0.00000000e+00  3.95924895e-10 -7.91943400e-10  3.95924895e-10  9.34801109e-14 
 2.50000000e+01  3.00000000e-01  8.00000000e-01  3.50000000e-01  0.00000000e+00  2.13664664e-06 -7.40619122e-10 -2.13590612e-06  1.01868899e-13 
 2.50000000e+01  3.00000000e-01  8.00000000e-01  4.00000000e-01  0.00000000e+00  3.61982598e-06 -6.98468394e-10 -3.61912762e-06  1.11573935e-13 
 2.50000000e+01  3.00000000e-01  8.00000000e-01  4.50000000e-01  0.00000000e+00  4.56094362e-06 -6.67151667e-10 -4.56027659e-06  1.23106749e-13 
 2.50000000e+01  3.00000000e-01  8.00000000e-01  5.00000000e-01  0.00000000e+00  5.20845086e-06 -6.45470788e-10 -5.20780552e-06  1.36781481e-13 
 2.50000000e+01  3.00000000e-01  8.00000000e-01  5.50000000e-01  0.00000000e+00  5.76254070e-06 -6.31134700e-10 -5.76190972e-06  1.52510882e-13 
 2.50000000e+01  3.00000000e-01  8.00000000e-01  6.00000000e-01  0.00000000e+00  6.29723564e-06 -6.22510044e-10 -6.29661330e-06  1.70264428e-13 
 2.50000000e+01  3.00000000e-01  8.00000000e-01  6.50000000e-01  0.00000000e+00  6.83533206e-06 -6.20640428e-10 -6.83471161e-06  1.90132807e-13 
 2.50000000e+01  3.00000000e-01  8.00000000e-01  7.00000000e-01  0.00000000e+00  7.38485443e-06 -6.25639984e-10 -7.38422901e-06  2.12265111e-13 
 2.50000000e+01  3.00000000e-01  8.00000000e-01  7.50000000e-01  0.00000000e+00  7.94902617e-06 -6.27843555e-10 -7.94839856e-06  2.36841563e-13 
 2.50000000e+01  3.00000000e-01  8.00000000e-01  8.00000000e-01  0.00000000e+00  8.52919984e-06 -6.26312779e-10 -8.52857379e-06  2.64064784e-13 
 2.50000000e+01  3.50000000e-01  8.00000000e-01  0.00000000e+00  0.00000000e+00 -2.58946758e-05 -4.06792422e-09  2.58987261e-05  1.75528476e-11 
 2.50000000e+01  3.50000000e-01  8.00000000e-01  5.00000000e-02  0.00000000e+00 -2.14089977e-05 -3.24454819e-09  2.14122349e-05  7.36728323e-12 
 2.50000000e+01  3.50000000e-01  8.00000000e-01  1.00000000e-01  0.00000000e+00 -1.70181266e-05 -2.54700394e-09  1.70206706e-05  3.08498884e-12 
 2.50000000e+01  3.50000000e-01  8.00000000e-01  1.50000000e-01  0.00000000e+00 -1.27755812e-05 -1.95944638e-09  1.27775393e-05  1.28966660e-12 
 2.50000000e+01  3.50000000e-01  8.00000000e-01  2.00000000e-01  0.00000000e+00 -8.76949994e-06 -1.46928958e-09  8.77096869e-06  5.40027213e-13 
 2.50000000e+01  3.50000000e-01  8.00000000e-01  2.50000000e-01  0.00000000e+00 -5.14717978e-06 -1.06602460e-09  5.14824557e-06  2.29189810e-13 
 2.50000000e+01  3.50000000e-01  8.00000000e-01  3.00000000e-01  0.00000000e+00 -2.13590612e-06 -7.40619122e-10  2.13664664e-06  1.01868899e-13 
 2.50000000e+01  3.50000000e-01  8.00000000e-01  3.50000000e-01  0.00000000e+00  2.42103594e-10 -4.84257967e-10  2.42103594e-10  5.07498398e-14 
 2.50000000e+01  3.50000000e-01  8.00000000e-01  4.00000000e-01  0.00000000e+00  1.32658705e-06 -4.44884130e-10 -1.32614222e-06  5.45041365e-14 
 2.50000000e+01  3.50000000e-01  8.00000000e-01  4.50000000e-01  0.00000000e+00  2.10201544e-06 -4.14043466e-10 -2.10160146e-06  5.90699748e-14 
 2.50000000e+01  3.50000000e-01  8.00000000e-01  5.00000000e-01  0.00000000e+00  2.55868395e-06 -3.92011312e-10 -2.55829201e-06  6.47149435e-14 
 2.50000000e+01  3.50000000e-01  8.00000000e-01  5.50000000e-01  0.00000000e+00  2.92999748e-06 -3.76906950e-10 -2.92962065e-06  7.14112401e-14 
 2.50000000e+01  3.50000000e-01  8.00000000e-01  6.00000000e-01  0.00000000e+00  3.29488054e-06 -3.67279540e-10 -3.29451334e-06  7.91250316e-14 
 2.50000000e+01  3.50000000e-01  8.00000000e-01  6.50000000e-01  0.00000000e+00  3.67268999e-06 -3.64278385e-10 -3.67232580e-06  8.79067968e-14 
 2.50000000e+01  3.50000000e-01  8.00000000e-01  7.00000000e-01  0.00000000e+00  4.06934756e-06 -3.68068687e-10 -4.06897959e-06  9.78423677e-14 
 2.50000000e+01  3.50000000e-01  8.00000000e-01  7.50000000e-01  0.00000000e+00  4.48710404e-06 -3.69012820e-10 -4.48673514e-06  1.09033470e-13 
 2.50000000e+01  3.50000000e-01  8.00000000e-01  8.00000000e-01  0.00000000e+00  4.92688231e-06 -3.66186637e-10 -4.92651624e-06  1.21592031e-13 
 2.50000000e+01  4.00000000e-01  8.00000000e-01  0.00000000e+00  0.00000000e+00 -2.76438606e-05 -4.01941014e-09  2.76478607e-05  1.93171288e-11 
 2.50000000e+01  4.00000000e-01  8.00000000e-01  5.00000000e-02  0.00000000e+00 -2.31626874e-05 -3.19555093e-09  2.31658749e-05  8.11491419e-12 
 2.50000000e+01  4.00000000e-01  8.00000000e-01  1.00000000e-01  0.00000000e+00 -1.87676336e-05 -2.49860443e-09  1.87701288e-05  3.40181758e-12 
 2.50000000e+01  4.00000000e-01  8.00000000e-01  1.50000000e-01  0.00000000e+00 -1.45056770e-05 -1.91229832e-09  1.45075879e-05  1.42397044e-12 
 2.50000000e+01  4.00000000e-01  8.00000000e-01  2.00000000e-01  0.00000000e+00 -1.04554010e-05 -1.42376511e-09  1.04568242e-05  5.96841759e-13 
 2.50000000e+01  4.00000000e-01  8.00000000e-01  2.50000000e-01  0.00000000e+00 -6.75273207e-06 -1.02224362e-09  6.75375406e-06  2.52988046e-13 
 2.50000000e+01  4.00000000e-01  8.00000000e-01  3.00000000e-01  0.00000000e+00 -3.61912762e-06 -6.98468394e-10  3.61982598e-06  1.11573935e-13 
 2.50000000e+01  4.00000000e-01  8.00000000e-01  3.50000000e-01  0.00000000e+00 -1.32614222e-06 -4.44884130e-10  1.32658705e-06  5.45041365e-14 
 2.50000000e+01  4.00000000e-01  8.00000000e-01  4.00000000e-01  0.00000000e+00  1.29911623e-10 -2.59855693e-10  1.29911623e-10  3.21969285e-14 
 2.50000000e+01  4.00000000e-01  8.00000000e-01  4.50000000e-01  0.00000000e+00  6.49737526e-07 -2.30409469e-10 -6.49507150e-07  3.38372750e-14 
 2.50000000e+01  4.00000000e-01  8.00000000e-01  5.00000000e-01  0.00000000e+00  9.54494848e-07 -2.08321360e-10 -9.54286562e-07  3.59339629e-14 
 2.50000000e+01  4.00000000e-01  8.00000000e-01  5.50000000e-01  0.00000000e+00  1.15218143e-06 -1.92796890e-10 -1.15198867e-06  3.85303107e-14 
 2.50000000e+01  4.00000000e-01  8.00000000e-01  6.00000000e-01  0.00000000e+00  1.34392901e-06 -1.82576620e-10 -1.34374648e-06  4.16010353e-14 
 2.50000000e+01  4.00000000e-01  8.00000000e-01  6.50000000e-01  0.00000000e+00  1.54913082e-06 -1.78887127e-10 -1.54895198e-06  4.51760396e-14 
 2.50000000e+01  4.00000000e-01  8.00000000e-01  7.00000000e-01  0.00000000e+00  1.77301784e-06 -1.81930027e-10 -1.77283596e-06  4.93099405e-14 
 2.50000000e+01  4.00000000e-01  8.00000000e-01  7.50000000e-01  0.00000000e+00  2.01796115e-06 -1.82085014e-10 -2.01777912e-06  5.40675993e-14 
 2.50000000e+01  4.00000000e-01  8.00000000e-01  8.00000000e-01  0.00000000e+00  2.28543078e-06 -1.78438597e-10 -2.28525240e-06  5.95204643e-14 
 2.50000000e+01  4.50000000e-01  8.00000000e-01  0.00000000e+00  0.00000000e+00 -2.90452004e-05 -3.99131395e-09  2.90491705e-05  2.12592578e-11 
 2.50000000e+01  4.50000000e-01  8.00000000e-01  5.00000000e-02  0.00000000e+00 -2.45383962e-05 -3.16517923e-09  2.45415524e-05  8.93975878e-12 
 2.50000000e+01  4.50000000e-01  8.00000000e-01  1.00000000e-01  0.00000000e+00 -2.01071786e-05 -2.46708476e-09  2.01096420e-05  3.75281060e-12 
 2.50000000e+01  4.50000000e-01  8.00000000e-01  1.50000000e-01  0.00000000e+00 -1.57925718e-05 -1.88033011e-09  1.57944506e-05  1.57390758e-12 
 2.50000000e+01  4.50000000e-01  8.00000000e-01  2.00000000e-01  0.00000000e+00 -1.16643151e-05 -1.39180178e-09  1.16657062e-05  6.61137623e-13 
 2.50000000e+01  4.50000000e-01  8.00000000e-01  2.50000000e-01  0.00000000e+00 -7.84763927e-06 -9.90549420e-10  7.84862954e-06  2.80501622e-13 
 2.50000000e+01  4.50000000e-01  8.00000000e-01  3.00000000e-01  0.00000000e+00 -4.56027659e-06 -6.67151667e-10  4.56094362e-06  1.23106749e-13 
 2.50000000e+01  4.50000000e-01  8.00000000e-01  3.50000000e-01  0.00000000e+00 -2.10160146e-06 -4.14043466e-10  2.10201544e-06  5.90699748e-14 
 2.50000000e+01  4.50000000e-01  8.00000000e-01  4.00000000e-01  0.00000000e+00 -6.49507150e-07 -2.30409469e-10  6.49737526e-07  3.38372750e-14 
 2.50000000e+01  4.50000000e-01  8.00000000e-01  4.50000000e-01  0.00000000e+00  6.36614753e-11 -1.27347466e-10  6.36614753e-11  2.44814172e-14 
 2.50000000e+01  4.50000000e-01  8.00000000e-01  5.00000000e-01  0.00000000e+00  2.46804089e-07 -1.05734088e-10 -2.46698380e-07  2.51501228e-14 
 2.50000000e+01  4.50000000e-01  8.00000000e-01  5.50000000e-01  0.00000000e+00  3.45187773e-07 -9.01558828e-11 -3.45097643e-07  2.60202538e-14 
 2.50000000e+01  4.50000000e-01  8.00000000e-01  6.00000000e-01  0.00000000e+00  4.20327161e-07 -7.97686361e-11 -4.20247419e-07  2.70870963e-14 
 2.50000000e+01  4.50000000e-01  8.00000000e-01  6.50000000e-01  0.00000000e+00  5.00673917e-07 -7.58575425e-11 -5.00598088e-07  2.83566769e-14 
 2.50000000e+01  4.50000000e-01  8.00000000e-01  7.00000000e-01  0.00000000e+00  5.91347875e-07 -7.86442023e-11 -5.91269260e-07  2.98557074e-14 
 2.50000000e+01  4.50000000e-01  8.00000000e-01  7.50000000e-01  0.00000000e+00  6.94615370e-07 -7.85189691e-11 -6.94536882e-07  3.16189109e-14 
 2.50000000e+01  4.50000000e-01  8.00000000e-01  8.00000000e-01  0.00000000e+00  8.12210278e-07 -7.45723483e-11 -8.12135740e-07  3.36864933e-14 
 2.50000000e+01  5.00000000e-01  8.00000000e-01  0.00000000e+00  0.00000000e+00 -3.02345752e-05 -3.97871469e-09  3.02385306e-05  2.33957194e-11 
 2.50000000e+01  5.00000000e-01  8.00000000e-01  5.00000000e-02  0.00000000e+00 -2.56861724e-05 -3.14922888e-09  2.56893118e-05  9.84860806e-12 
 2.50000000e+01  5.00000000e-01  8.00000000e-01  1.00000000e-01  0.00000000e+00 -2.12024885e-05 -2.44897258e-09  2.12049333e-05  4.14070754e-12 
 2.50000000e+01  5.00000000e-01  8.00000000e-01  1.50000000e-01  0.00000000e+00 -1.68197090e-05 -1.86077953e-09  1.68215681e-05  1.74060099e-12 
 2.50000000e+01  5.00000000e-01  8.00000000e-01  2.00000000e-01  0.00000000e+00 -1.26002837e-05 -1.37128175e-09  1.26016542e-05  7.33450292e-13 
 2.50000000e+01  5.00000000e-01  8.00000000e-01  2.50000000e-01  0.00000000e+00 -8.65962490e-06 -9.69362812e-10  8.66059395e-06  3.12088994e-13 
 2.50000000e+01  5.00000000e-01  8.00000000e-01  3.00000000e-01  0.00000000e+00 -5.20780552e-06 -6.45470788e-10  5.20845086e-06  1.36781481e-13 
 2.50000000e+01  5.00000000e-01  8.00000000e-01  3.50000000e-01  0.00000000e+00 -2.55829201e-06 -3.92011312e-10  2.55868395e-06  6.47149435e-14 
 2.50000000e+01  5.00000000e-01  8.00000000e-01  4.00000000e-01  0.00000000e+00 -9.54286562e-07 -2.08321360e-10  9.54494848e-07  3.59339629e-14 
 2.50000000e+01  5.00000000e-01  8.00000000e-01  4.50000000e-01  0.00000000e+00 -2.46698380e-07 -1.05734088e-10  2.46804089e-07  2.51501228e-14 
 2.50000000e+01  5.00000000e-01  8.00000000e-01  5.00000000e-01  0.00000000e+00  3.27627778e-11 -6.55471233e-11  3.27627778e-11  2.15433230e-14 
 2.50000000e+01  5.00000000e-01  8.00000000e-01  5.50000000e-01  0.00000000e+00  7.69049785e-08 -5.00555153e-11 -7.68549450e-08  2.17823051e-14 
 2.50000000e+01  5.00000000e-01  8.00000000e-01  6.00000000e-01  0.00000000e+00  1.05855161e-07 -3.96647160e-11 -1.05815519e-07  2.20944324e-14 
 2.50000000e+01  5.00000000e-01  8.00000000e-01  6.50000000e-01  0.00000000e+00  1.30453861e-07 -3.57305296e-11 -1.30418153e-07  2.24779258e-14 
 2.50000000e+01  5.00000000e-01  8.00000000e-01  7.00000000e-01  0.00000000e+00  1.58017167e-07 -3.84865473e-11 -1.57978703e-07  2.29396792e-14 
 2.50000000e+01  5.00000000e-01  8.00000000e-01  7.50000000e-01  0.00000000e+00  1.90123095e-07 -3.83231225e-11 -1.90084795e-07  2.34928420e-14 
 2.50000000e+01  5.00000000e-01  8.00000000e-01  8.00000000e-01  0.00000000e+00  2.27779239e-07 -3.43325368e-11 -2.27744930e-07  2.41537878e-14 
 2.50000000e+01  5.50000000e-01  8.00000000e-01  0.00000000e+00  0.00000000e+00 -3.13077546e-05 -3.97722033e-09  3.13117061e-05  2.57446373e-11 
 2.50000000e+01  5.50000000e-01  8.00000000e-01  5.00000000e-02  0.00000000e+00 -2.67138023e-05 -3.14361515e-09  2.67169351e-05  1.08488381e-11 
 2.50000000e+01  5.50000000e-01  8.00000000e-01  1.00000000e-01  0.00000000e+00 -2.21750971e-05 -2.44051712e-09  2.21775330e-05  4.56831004e-12 
 2.50000000e+01  5.50000000e-01  8.00000000e-01  1.50000000e-01  0.00000000e+00 -1.77242077e-05 -1.85024884e-09  1.77260560e-05  1.92495615e-12 
 2.50000000e+01  5.50000000e-01  8.00000000e-01  2.00000000e-01  0.00000000e+00 -1.34179997e-05 -1.35918166e-09  1.34193581e-05  8.13948234e-13 
 2.50000000e+01  5.50000000e-01  8.00000000e-01  2.50000000e-01  0.00000000e+00 -9.36359152e-06 -9.56027257e-10  9.36454720e-06  3.47683950e-13 
 2.50000000e+01  5.50000000e-01  8.00000000e-01  3.00000000e-01  0.00000000e+00 -5.76190972e-06 -6.31134700e-10  5.76254070e-06  1.52510882e-13 
 2.50000000e+01  5.50000000e-01  8.00000000e-01  3.50000000e-01  0.00000000e+00 -2.92962065e-06 -3.76906950e-10  2.92999748e-06  7.14112401e-14 
 2.50000000e+01  5.50000000e-01  8.00000000e-01  4.00000000e-01  0.00000000e+00 -1.15198867e-06 -1.92796890e-10  1.15218143e-06  3.85303107e-14 
 2.50000000e+01  5.50000000e-01  8.00000000e-01  4.50000000e-01  0.00000000e+00 -3.45097643e-07 -9.01558828e-11  3.45187773e-07  2.60202538e-14 
 2.50000000e+01  5.50000000e-01  8.00000000e-01  5.00000000e-01  0.00000000e+00 -7.68549450e-08 -5.00555153e-11  7.69049785e-08  2.17823051e-14 
 2.50000000e+01  5.50000000e-01  8.00000000e-01  5.50000000e-01  0.00000000e+00  1.59049902e-11 -3.18305382e-11  1.59049902e-11  2.05696010e-14 
 2.50000000e+01  5.50000000e-01  8.00000000e-01  6.00000000e-01  0.00000000e+00  2.07413853e-08 -2.14512852e-11 -2.07199554e-08  2.06420265e-14 
 2.50000000e+01  5.50000000e-01  8.00000000e-01  6.50000000e-01  0.00000000e+00  2.86255748e-08 -1.75175430e-11 -2.86080779e-08  2.07372778e-14 
 2.50000000e+01  5.50000000e-01  8.00000000e-01  7.00000000e-01  0.00000000e+00  3.57286911e-08 -2.02722283e-11 -3.57084394e-08  2.08556879e-14 
 2.50000000e+01  5.50000000e-01  8.00000000e-01  7.50000000e-01  0.00000000e+00  4.39041113e-08 -2.01070272e-11 -4.38840251e-08  2.10005206e-14 
 2.50000000e+01  5.50000000e-01  8.00000000e-01  8.00000000e-01  0.00000000e+00  5.36265391e-08 -1.61137770e-11 -5.36104460e-08  2.11769176e-14 
 2.50000000e+01  6.00000000e-01  8.00000000e-01  0.00000000e+00  0.00000000e+00 -3.23176772e-05 -3.98397226e-09  3.23216329e-05  2.83262382e-11 
 2.50000000e+01  6.00000000e-01  8.00000000e-01  5.00000000e-02  0.00000000e+00 -2.76791190e-05 -3.14565796e-09  2.76822527e-05  1.19488686e-11 
 2.50000000e+01  6.00000000e-01  8.00000000e-01  1.00000000e-01  0.00000000e+00 -2.30878548e-05 -2.43923282e-09  2.30902890e-05  5.03898315e-12 
 2.50000000e+01  6.00000000e-01  8.00000000e-01  1.50000000e-01  0.00000000e+00 -1.85736246e-05 -1.84645987e-09  1.85754690e-05  2.12821084e-12 
 2.50000000e+01  6.00000000e-01  8.00000000e-01  2.00000000e-01  0.00000000e+00 -1.41887122e-05 -1.35343070e-09  1.41900647e-05  9.03005146e-13 
 2.50000000e+01  6.00000000e-01  8.00000000e-01  2.50000000e-01  0.00000000e+00 -1.00327490e-05 -9.48696677e-10  1.00336974e-05  3.87342169e-13 
 2.50000000e+01  6.00000000e-01  8.00000000e-01  3.00000000e-01  0.00000000e+00 -6.29661330e-06 -6.22510044e-10  6.29723564e-06  1.70264428e-13 
 2.50000000e+01  6.00000000e-01  8.00000000e-01  3.50000000e-01  0.00000000e+00 -3.29451334e-06 -3.67279540e-10  3.29488054e-06  7.91250316e-14 
 2.50000000e+01  6.00000000e-01  8.00000000e-01  4.00000000e-01  0.00000000e+00 -1.34374648e-06 -1.82576620e-10  1.34392901e-06  4.16010353e-14 
 2.50000000e+01  6.00000000e-01  8.00000000e-01  4.50000000e-01  0.00000000e+00 -4.20247419e-07 -7.97686361e-11  4.20327161e-07  2.70870963e-14 
 2.50000000e+01  6.00000000e-01  8.00000000e-01  5.00000000e-01  0.00000000e+00 -1.05815519e-07 -3.96647160e-11  1.05855161e-07  2.20944324e-14 
 2.50000000e+01  6.00000000e-01  8.00000000e-01  5.50000000e-01  0.00000000e+00 -2.07199554e-08 -2.14512852e-11  2.07413853e-08  2.06420265e-14 
 2.50000000e+01  6.00000000e-01  8.00000000e-01  6.00000000e-01  0.00000000e+00  5.35671843e-12 -1.07336362e-11  5.35671843e-12  2.02936873e-14 
 2.50000000e+01  6.00000000e-01  8.00000000e-01  6.50000000e-01  0.00000000e+00  4.99858483e-09 -6.80167034e-12 -4.99180304e-09  2.03125696e-14 
 2.50000000e+01  6.00000000e-01  8.00000000e-01  7.00000000e-01  0.00000000e+00  6.95343843e-09 -9.55724389e-12 -6.94390160e-09  2.03376049e-14 
 2.50000000e+01  6.00000000e-01  8.00000000e-01  7.50000000e-01  0.00000000e+00  8.77750154e-09 -9.39159861e-12 -8.76813010e-09  2.03691260e-14 
 2.50000000e+01  6.00000000e-01  8.00000000e-01  8.00000000e-01  0.00000000e+00  1.09180400e-08 -5.39923661e-12 -1.09126617e-08  2.04082619e-14 
 2.50000000e+01  6.50000000e-01  8.00000000e-01  0.00000000e+00  0.00000000e+00 -3.32922190e-05 -3.99923428e-09  3.32961871e-05  3.11629650e-11 
 2.50000000e+01  6.50000000e-01  8.00000000e-01  5.00000000e-02  0.00000000e+00 -2.86113083e-05 -3.15574322e-09  2.86144508e-05  1.31581947e-11 
 2.50000000e+01  6.50000000e-01  8.00000000e-01  1.00000000e-01  0.00000000e+00 -2.39708763e-05 -2.44563125e-09  2.39733163e-05  5.55666422e-12 
 2.50000000e+01  6.50000000e-01  8.00000000e-01  1.50000000e-01  0.00000000e+00 -1.93982753e-05 -1.85005744e-09  1.94001230e-05  2.35194922e-12 
 2.50000000e+01  6.50000000e-01  8.00000000e-01  2.00000000e-01  0.00000000e+00 -1.49417403e-05 -1.35481582e-09  1.49430941e-05  1.00123034e-12 
 2.50000000e+01  6.50000000e-01  8.00000000e-01  2.50000000e-01  0.00000000e+00 -1.06938196e-05 -9.48290779e-10  1.06947675e-05  4.31288972e-13 
 2.50000000e+01  6.50000000e-01  8.00000000e-01  3.00000000e-01  0.00000000e+00 -6.83471161e-06 -6.20640428e-10  6.83533206e-06  1.90132807e-13 
 2.50000000e+01  6.50000000e-01  8.00000000e-01  3.50000000e-01  0.00000000e+00 -3.67232580e-06 -3.64278385e-10  3.67268999e-06  8.79067968e-14 
 2.50000000e+01  6.50000000e-01  8.00000000e-01  4.00000000e-01  0.00000000e+00 -1.54895198e-06 -1.78887127e-10  1.54913082e-06  4.51760396e-14 
 2.50000000e+01  6.50000000e-01  8.00000000e-01  4.50000000e-01  0.00000000e+00 -5.00598088e-07 -7.58575425e-11  5.00673917e-07  2.83566769e-14 
 2.50000000e+01  6.50000000e-01  8.00000000e-01  5.00000000e-01  0.00000000e+00 -1.30418153e-07 -3.57305296e-11  1.30453861e-07  2.24779258e-14 
 2.50000000e+01  6.50000000e-01  8.00000000e-01  5.50000000e-01  0.00000000e+00 -2.86080779e-08 -1.75175430e-11  2.86255748e-08  2.07372778e-14 
 2.50000000e+01  6.50000000e-01  8.00000000e-01  6.00000000e-01  0.00000000e+00 -4.99180304e-09 -6.80167034e-12  4.99858483e-09  2.03125696e-14 
 2.50000000e+01  6.50000000e-01  8.00000000e-01  6.50000000e-01  0.00000000e+00  1.40559932e-12 -2.83106871e-12  1.40559932e-12  2.02251615e-14 
 2.50000000e+01  6.50000000e-01  8.00000000e-01  7.00000000e-01  0.00000000e+00  1.11187840e-09 -5.58708635e-12 -1.10631199e-09  2.02295792e-14 
 2.50000000e+01  6.50000000e-01  8.00000000e-01  7.50000000e-01  0.00000000e+00  1.55697818e-09 -5.42099698e-12 -1.55157713e-09  2.02354699e-14 
 2.50000000e+01  6.50000000e-01  8.00000000e-01  8.00000000e-01  0.00000000e+00  1.98106510e-09 -1.42819090e-12 -1.97965718e-09  2.02429541e-14 
 2.50000000e+01  7.00000000e-01  8.00000000e-01  0.00000000e+00  0.00000000e+00 -3.42465564e-05 -4.02266220e-09  3.42505448e-05  3.42795770e-11 
 2.50000000e+01  7.00000000e-01  8.00000000e-01  5.00000000e-02  0.00000000e+00 -2.95256654e-05 -3.17360049e-09  2.95288245e-05  1.44873779e-11 
 2.50000000e+01  7.00000000e-01  8.00000000e-01  1.00000000e-01  0.00000000e+00 -2.48392432e-05 -2.45952325e-09  2.48416966e-05  6.12580624e-12 
 2.50000000e+01  7.00000000e-01  8.00000000e-01  1.50000000e-01  0.00000000e+00 -2.02125204e-05 -1.86093629e-09  2.02143787e-05  2.59802655e-12 
 2.50000000e+01  7.00000000e-01  8.00000000e-01  2.00000000e-01  0.00000000e+00 -1.56900214e-05 -1.36331035e-09  1.56913836e-05  1.10938977e-12 
 2.50000000e+01  7.00000000e-01  8.00000000e-01  2.50000000e-01  0.00000000e+00 -1.13575200e-05 -9.54856194e-10  1.13584744e-05  4.79845582e-13 
 2.50000000e+01  7.00000000e-01  8.00000000e-01  3.00000000e-01  0.00000000e+00 -7.38422901e-06 -6.25639984e-10  7.38485443e-06  2.12265111e-13 
 2.50000000e+01  7.00000000e-01  8.00000000e-01  3.50000000e-01  0.00000000e+00 -4.06897959e-06 -3.68068687e-10  4.06934756e-06  9.78423677e-14 
 2.50000000e+01  7.00000000e-01  8.00000000e-01  4.00000000e-01  0.00000000e+00 -1.77283596e-06 -1.81930027e-10  1.77301784e-06  4.93099405e-14 
 2.50000000e+01  7.00000000e-01  8.00000000e-01  4.50000000e-01  0.00000000e+00 -5.91269260e-07 -7.86442023e-11  5.91347875e-07  2.98557074e-14 
 2.50000000e+01  7.00000000e-01  8.00000000e-01  5.00000000e-01  0.00000000e+00 -1.57978703e-07 -3.84865473e-11  1.58017167e-07  2.29396792e-14 
 2.50000000e+01  7.00000000e-01  8.00000000e-01  5.50000000e-01  0.00000000e+00 -3.57084394e-08 -2.02722283e-11  3.57286911e-08  2.08556879e-14 
 2.50000000e+01  7.00000000e-01  8.00000000e-01  6.00000000e-01  0.00000000e+00 -6.94390160e-09 -9.55724389e-12  6.95343843e-09  2.03376049e-14 
 2.50000000e+01  7.00000000e-01  8.00000000e-01  6.50000000e-01  0.00000000e+00 -1.10631199e-09 -5.58708635e-12  1.11187840e-09  2.02295792e-14 
 2.50000000e+01  7.00000000e-01  8.00000000e-01  7.00000000e-01  0.00000000e+00  4.15868732e-12 -8.33777491e-12  4.15868732e-12  2.02095661e-14 
 2.50000000e+01  7.00000000e-01  8.00000000e-01  7.50000000e-01  0.00000000e+00  2.38903317e-10 -8.17168555e-12 -2.30751280e-10  2.02105326e-14 
 2.50000000e+01  7.00000000e-01  8.00000000e-01  8.00000000e-01  0.00000000e+00  3.34379742e-10 -4.17932355e-12 -3.30220833e-10  2.02118251e-14 
 2.50000000e+01  7.50000000e-01  8.00000000e-01  0.00000000e+00  0.00000000e+00 -3.51894189e-05 -4.04432621e-09  3.51934256e-05  3.77033050e-11 
 2.50000000e+01  7.50000000e-01  8.00000000e-01  5.00000000e-02  0.00000000e+00 -3.04307202e-05 -3.18934346e-09  3.04338936e-05  1.59480845e-11 
 2.50000000e+01  7.50000000e-01  8.00000000e-01  1.00000000e-01  0.00000000e+00 -2.57010668e-05 -2.47107224e-09  2.57035311e-05  6.75136448e-12 
 2.50000000e+01  7.50000000e-01  8.00000000e-01  1.50000000e-01  0.00000000e+00 -2.10237528e-05 -1.86930471e-09  2.10256192e-05  2.86853555e-12 
 2.50000000e+01  7.50000000e-01  8.00000000e-01  2.00000000e-01  0.00000000e+00 -1.64398526e-05 -1.36916967e-09  1.64412206e-05  1.22836765e-12 
 2.50000000e+01  7.50000000e-01  8.00000000e-01  2.50000000e-01  0.00000000e+00 -1.20286737e-05 -9.58694013e-10  1.20296318e-05  5.33394229e-13 
 2.50000000e+01  7.50000000e-01  8.00000000e-01  3.00000000e-01  0.00000000e+00 -7.94839856e-06 -6.27843555e-10  7.94902617e-06  2.36841563e-13 
 2.50000000e+01  7.50000000e-01  8.00000000e-01  3.50000000e-01  0.00000000e+00 -4.48673514e-06 -3.69012820e-10  4.48710404e-06  1.09033470e-13 
 2.50000000e+01  7.50000000e-01  8.00000000e-01  4.00000000e-01  0.00000000e+00 -2.01777912e-06 -1.82085014e-10  2.01796115e-06  5.40675993e-14 
 2.50000000e+01  7.50000000e-01  8.00000000e-01  4.50000000e-01  0.00000000e+00 -6.94536882e-07 -7.85189691e-11  6.94615370e-07  3.16189109e-14 
 2.50000000e+01  7.50000000e-01  8.00000000e-01  5.00000000e-01  0.00000000e+00 -1.90084795e-07 -3.83231225e-11  1.90123095e-07  2.34928420e-14 
 2.50000000e+01  7.50000000e-01  8.00000000e-01  5.50000000e-01  0.00000000e+00 -4.38840251e-08 -2.01070272e-11  4.39041113e-08  2.10005206e-14 
 2.50000000e+01  7.50000000e-01  8.00000000e-01  6.00000000e-01  0.00000000e+00 -8.76813010e-09 -9.39159861e-12  8.77750154e-09  2.03691260e-14 
 2.50000000e+01  7.50000000e-01  8.00000000e-01  6.50000000e-01  0.00000000e+00 -1.55157713e-09 -5.42099698e-12  1.55697818e-09  2.02354699e-14 
 2.50000000e+01  7.50000000e-01  8.00000000e-01  7.00000000e-01  0.00000000e+00 -2.30751280e-10 -8.17168555e-12  2.38903317e-10  2.02105326e-14 
 2.50000000e+01  7.50000000e-01  8.00000000e-01  7.50000000e-01  0.00000000e+00  3.99314187e-12 -8.00648436e-12  3.99314187e-12  2.02060818e-14 
 2.50000000e+01  7.50000000e-01  8.00000000e-01  8.00000000e-01  0.00000000e+00  5.21051406e-11 -4.01323419e-12 -4.81119828e-11  2.02062853e-14 
 2.50000000e+01  8.00000000e-01  8.00000000e-01  0.00000000e+00  0.00000000e+00 -3.61260868e-05 -4.06314005e-09  3.61301085e-05  4.14640522e-11 
 2.50000000e+01  8.00000000e-01  8.00000000e-01  5.00000000e-02  0.00000000e+00 -3.13315020e-05 -3.20190585e-09  3.13346864e-05  1.75531601e-11 
 2.50000000e+01  8.00000000e-01  8.00000000e-01  1.00000000e-01  0.00000000e+00 -2.65609888e-05 -2.47924037e-09  2.65634606e-05  7.43881488e-12 
 2.50000000e+01  8.00000000e-01  8.00000000e-01  1.50000000e-01  0.00000000e+00 -2.18360496e-05 -1.87415683e-09  2.18379206e-05  3.16580214e-12 
 2.50000000e+01  8.00000000e-01  8.00000000e-01  2.00000000e-01  0.00000000e+00 -1.71945357e-05 -1.37141454e-09  1.71959058e-05  1.35915487e-12 
 2.50000000e+01  8.00000000e-01  8.00000000e-01  2.50000000e-01  0.00000000e+00 -1.27096118e-05 -9.58846780e-10  1.27105701e-05  5.92366560e-13 
 2.50000000e+01  8.00000000e-01  8.00000000e-01  3.00000000e-01  0.00000000e+00 -8.52857379e-06 -6.26312779e-10  8.52919984e-06  2.64064784e-13 
 2.50000000e+01  8.00000000e-01  8.00000000e-01  3.50000000e-01  0.00000000e+00 -4.92651624e-06 -3.66186637e-10  4.92688231e-06  1.21592031e-13 
 2.50000000e+01  8.00000000e-01  8.00000000e-01  4.00000000e-01  0.00000000e+00 -2.28525240e-06 -1.78438597e-10  2.28543078e-06  5.95204643e-14 
 2.50000000e+01  8.00000000e-01  8.00000000e-01  4.50000000e-01  0.00000000e+00 -8.12135740e-07 -7.45723483e-11  8.12210278e-07  3.36864933e-14 
 2.50000000e+01  8.00000000e-01  8.00000000e-01  5.00000000e-01  0.00000000e+00 -2.27744930e-07 -3.43325368e-11  2.27779239e-07  2.41537878e-14 
 2.50000000e+01  8.00000000e-01  8.00000000e-01  5.50000000e-01  0.00000000e+00 -5.36104460e-08 -1.61137770e-11  5.36265391e-08  2.11769176e-14 
 2.50000000e+01  8.00000000e-01  8.00000000e-01  6.00000000e-01  0.00000000e+00 -1.09126617e-08 -5.39923661e-12  1.09180400e-08  2.04082619e-14 
 2.50000000e+01  8.00000000e-01  8.00000000e-01  6.50000000e-01  0.00000000e+00 -1.97965718e-09 -1.42819090e-12  1.98106510e-09  2.02429541e-14 
 2.50000000e+01  8.00000000e-01  8.00000000e-01  7.00000000e-01  0.00000000e+00 -3.30220833e-10 -4.17932355e-12  3.34379742e-10  2.02118251e-14 
 2.50000000e+01  8.00000000e-01  8.00000000e-01  7.50000000e-01  0.00000000e+00 -4.81119828e-11 -4.01323419e-12  5.21051406e-11  2.02062853e-14 
 2.50000000e+01  8.00000000e-01  8.00000000e-01  8.00000000e-01  0.00000000e+00 -3.22243976e-20 -2.04281037e-14 -3.22243976e-20  2.02051077e-14 
