 2.50000000e+01  0.00000000e+00  0.00000000e+00  0.00000000e+00  0.00000000e+00 -1.58770549e-21  3.02199189e-19 -1.58770549e-21 -2.99023778e-19 
 2.50000000e+01  0.00000000e+00  0.00000000e+00  5.00000000e-02  0.00000000e+00  3.50656815e-10  2.42831434e-11 -3.74939958e-10 -1.93293894e-19 
 2.50000000e+01  0.00000000e+00  0.00000000e+00  1.00000000e-01  0.00000000e+00  4.87844035e-10  6.38893756e-11 -5.51733410e-10  9.04242979e-20 
 2.50000000e+01  0.00000000e+00  0.00000000e+00  1.50000000e-01  0.00000000e+00  6.16503738e-10  1.21459095e-10 -7.37962833e-10  5.48239004e-19 
 2.50000000e+01  0.00000000e+00  0.00000000e+00  2.00000000e-01  0.00000000e+00  7.68308912e-10  1.99955199e-10 -9.68264113e-10  1.21444729e-18 
 2.50000000e+01  0.00000000e+00  0.00000000e+00  2.50000000e-01  0.00000000e+00  9.53155129e-10  3.02698450e-10 -1.25585358e-09  2.15352887e-18 
 2.50000000e+01  0.00000000e+00  0.00000000e+00  3.00000000e-01  0.00000000e+00  1.17982483e-09  4.33405227e-10 -1.61323006e-09  3.45312260e-18 
 2.50000000e+01  0.00000000e+00  0.00000000e+00  3.50000000e-01  0.00000000e+00  1.45834076e-09  5.96228563e-10 -2.05456933e-09  5.22785262e-18 
 2.50000000e+01  0.00000000e+00  0.00000000e+00  4.00000000e-01  0.00000000e+00  1.80072887e-09  7.95802933e-10 -2.59653181e-09  7.62607781e-18 
 2.50000000e+01  0.00000000e+00  0.00000000e+00  4.50000000e-01  0.00000000e+00  2.22159001e-09  1.03729320e-09 -3.25888322e-09  1.08387887e-17 
 2.50000000e+01  0.00000000e+00  0.00000000e+00  5.00000000e-01  0.00000000e+00  2.73870134e-09  1.32644812e-09 -4.06514947e-09  1.51108666e-17 
 2.50000000e+01  0.00000000e+00  0.00000000e+00  5.50000000e-01  0.00000000e+00  3.37371198e-09  1.66965882e-09 -5.04337081e-09  2.07551707e-17 
 2.50000000e+01  0.00000000e+00  0.00000000e+00  6.00000000e-01  0.00000000e+00  4.15297082e-09  2.07402267e-09 -6.22699352e-09  2.81700625e-17 
 2.50000000e+01  0.00000000e+00  0.00000000e+00  6.50000000e-01  0.00000000e+00  5.10852302e-09  2.54741308e-09 -7.65593614e-09  3.78611089e-17 
 2.50000000e+01  0.00000000e+00  0.00000000e+00  7.00000000e-01  0.00000000e+00  6.27931839e-09  3.09855570e-09 -9.37787415e-09  5.04678514e-17 
 2.50000000e+01  0.00000000e+00  0.00000000e+00  7.50000000e-01  0.00000000e+00  7.71268556e-09  3.73711157e-09 -1.14497972e-08  6.67966826e-17 
 2.50000000e+01  0.00000000e+00  0.00000000e+00  8.00000000e-01  0.00000000e+00  9.46613801e-09  4.47376788e-09 -1.39399060e-08  8.78610462e-17 
 2.50000000e+01  5.00000000e-02  0.00000000e+00  0.00000000e+00  0.00000000e+00 -3.74939958e-10  2.42831434e-11  3.50656815e-10 -1.93293894e-19 
 2.50000000e+01  5.00000000e-02  0.00000000e+00  5.00000000e-02  0.00000000e+00 -2.42831439e-11  4.85662892e-11 -2.42831439e-11 -1.32578958e-18 
 2.50000000e+01  5.00000000e-02  0.00000000e+00  1.00000000e-01  0.00000000e+00  5.03653277e-11  8.81725214e-11 -1.38537848e-10 -1.30432172e-18 
 2.50000000e+01  5.00000000e-02  0.00000000e+00  1.50000000e-01  0.00000000e+00  7.98312713e-11  1.45742240e-10 -2.25573510e-10 -1.24355954e-18 
 2.50000000e+01  5.00000000e-02  0.00000000e+00  2.00000000e-01  0.00000000e+00  1.07631692e-10  2.24238345e-10 -3.31870036e-10 -1.14505278e-18 
 2.50000000e+01  5.00000000e-02  0.00000000e+00  2.50000000e-01  0.00000000e+00  1.40562402e-10  3.26981595e-10 -4.67543996e-10 -1.00126574e-18 
 2.50000000e+01  5.00000000e-02  0.00000000e+00  3.00000000e-01  0.00000000e+00  1.80806977e-10  4.57688372e-10 -6.38495349e-10 -7.97923013e-19 
 2.50000000e+01  5.00000000e-02  0.00000000e+00  3.50000000e-01  0.00000000e+00  2.30339922e-10  6.20511709e-10 -8.50851630e-10 -5.15523170e-19 
 2.50000000e+01  5.00000000e-02  0.00000000e+00  4.00000000e-01  0.00000000e+00  2.91436448e-10  8.20086079e-10 -1.11152253e-09 -1.28420589e-19 
 2.50000000e+01  5.00000000e-02  0.00000000e+00  4.50000000e-01  0.00000000e+00  3.66846777e-10  1.06157635e-09 -1.42842312e-09  3.96774592e-19 
 2.50000000e+01  5.00000000e-02  0.00000000e+00  5.00000000e-01  0.00000000e+00  4.59933623e-10  1.35073127e-09 -1.81066489e-09  1.10331902e-18 
 2.50000000e+01  5.00000000e-02  0.00000000e+00  5.50000000e-01  0.00000000e+00  5.74820955e-10  1.69394196e-09 -2.26876292e-09  2.04704834e-18 
 2.50000000e+01  5.00000000e-02  0.00000000e+00  6.00000000e-01  0.00000000e+00  7.16569292e-10  2.09830581e-09 -2.81487511e-09  3.29980852e-18 
 2.50000000e+01  5.00000000e-02  0.00000000e+00  6.50000000e-01  0.00000000e+00  8.91387504e-10  2.57169623e-09 -3.46308374e-09  4.95377679e-18 
 2.50000000e+01  5.00000000e-02  0.00000000e+00  7.00000000e-01  0.00000000e+00  1.10689144e-09  3.12283885e-09 -4.22973030e-09  7.12688452e-18 
 2.50000000e+01  5.00000000e-02  0.00000000e+00  7.50000000e-01  0.00000000e+00  1.37242193e-09  3.76139472e-09 -5.13381666e-09  9.96960156e-18 
 2.50000000e+01  5.00000000e-02  0.00000000e+00  8.00000000e-01  0.00000000e+00  1.69943796e-09  4.49805103e-09 -6.19748900e-09  1.36733978e-17 
 2.50000000e+01  1.00000000e-01  0.00000000e+00  0.00000000e+00  0.00000000e+00 -5.51733410e-10  6.38893756e-11  4.87844035e-10  9.04242979e-20 
 2.50000000e+01  1.00000000e-01  0.00000000e+00  5.00000000e-02  0.00000000e+00 -1.38537848e-10  8.81725214e-11  5.03653277e-11 -1.30432172e-18 
 2.50000000e+01  1.00000000e-01  0.00000000e+00  1.00000000e-01  0.00000000e+00 -6.38893755e-11  1.27778753e-10 -6.38893755e-11 -2.35638383e-18 
 2.50000000e+01  1.00000000e-01  0.00000000e+00  1.50000000e-01  0.00000000e+00 -4.83415299e-11  1.85348472e-10 -1.37006940e-10 -2.35170851e-18 
 2.50000000e+01  1.00000000e-01  0.00000000e+00  2.00000000e-01  0.00000000e+00 -4.21638708e-11  2.63844577e-10 -2.21680704e-10 -2.33865792e-18 
 2.50000000e+01  1.00000000e-01  0.00000000e+00  2.50000000e-01  0.00000000e+00 -3.63102066e-11  3.66587827e-10 -3.30277619e-10 -2.31764424e-18 
 2.50000000e+01  1.00000000e-01  0.00000000e+00  3.00000000e-01  0.00000000e+00 -2.93570075e-11  4.97294604e-10 -4.67937595e-10 -2.28705949e-18 
 2.50000000e+01  1.00000000e-01  0.00000000e+00  3.50000000e-01  0.00000000e+00 -2.08379185e-11  6.60117941e-10 -6.39280020e-10 -2.24384685e-18 
 2.50000000e+01  1.00000000e-01  0.00000000e+00  4.00000000e-01  0.00000000e+00 -1.03259556e-11  8.59692310e-10 -8.49366353e-10 -2.18381701e-18 
 2.50000000e+01  1.00000000e-01  0.00000000e+00  4.50000000e-01  0.00000000e+00  2.67396828e-12  1.10118258e-09 -1.10385654e-09 -2.10144124e-18 
 2.50000000e+01  1.00000000e-01  0.00000000e+00  5.00000000e-01  0.00000000e+00  1.87631199e-11  1.39033750e-09 -1.40910062e-09 -1.98949380e-18 
 2.50000000e+01  1.00000000e-01  0.00000000e+00  5.50000000e-01  0.00000000e+00  3.86799368e-11  1.73354820e-09 -1.77222813e-09 -1.83857583e-18 
 2.50000000e+01  1.00000000e-01  0.00000000e+00  6.00000000e-01  0.00000000e+00  6.33341263e-11  2.13791204e-09 -2.20124617e-09 -1.63650328e-18 
 2.50000000e+01  1.00000000e-01  0.00000000e+00  6.50000000e-01  0.00000000e+00  9.38472817e-11  2.61130246e-09 -2.70514974e-09 -1.36752756e-18 
 2.50000000e+01  1.00000000e-01  0.00000000e+00  7.00000000e-01  0.00000000e+00  1.31602399e-10  3.16244508e-09 -3.29404748e-09 -1.01134664e-18 
 2.50000000e+01  1.00000000e-01  0.00000000e+00  7.50000000e-01  0.00000000e+00  1.78304860e-10  3.80100095e-09 -3.97930581e-09 -5.41854328e-19 
 2.50000000e+01  1.00000000e-01  0.00000000e+00  8.00000000e-01  0.00000000e+00  2.36058036e-10  4.53765726e-09 -4.77371529e-09  7.44381760e-20 
 2.50000000e+01  1.50000000e-01  0.00000000e+00  0.00000000e+00  0.00000000e+00 -7.37962833e-10  1.21459095e-10  6.16503738e-10  5.48239004e-19 
 2.50000000e+01  1.50000000e-01  0.00000000e+00  5.00000000e-02  0.00000000e+00 -2.25573510e-10  1.45742240e-10  7.98312713e-11 -1.24355954e-18 
 2.50000000e+01  1.50000000e-01  0.00000000e+00  1.00000000e-01  0.00000000e+00 -1.37006940e-10  1.85348472e-10 -4.83415299e-11 -2.35170851e-18 
 2.50000000e+01  1.50000000e-01  0.00000000e+00  1.50000000e-01  0.00000000e+00 -1.21459094e-10  2.42918192e-10 -1.21459094e-10 -3.36910543e-18 
 2.50000000e+01  1.50000000e-01  0.00000000e+00  2.00000000e-01  0.00000000e+00 -1.18276266e-10  3.21414297e-10 -2.03138027e-10 -3.36777612e-18 
 2.50000000e+01  1.50000000e-01  0.00000000e+00  2.50000000e-01  0.00000000e+00 -1.17005018e-10  4.24157547e-10 -3.07152525e-10 -3.36470554e-18 
 2.50000000e+01  1.50000000e-01  0.00000000e+00  3.00000000e-01  0.00000000e+00 -1.15796336e-10  5.54864324e-10 -4.39067984e-10 -3.35998869e-18 
 2.50000000e+01  1.50000000e-01  0.00000000e+00  3.50000000e-01  0.00000000e+00 -1.14357535e-10  7.17687660e-10 -6.03330122e-10 -3.35328959e-18 
 2.50000000e+01  1.50000000e-01  0.00000000e+00  4.00000000e-01  0.00000000e+00 -1.12591312e-10  9.17262030e-10 -8.04670714e-10 -3.34396894e-18 
 2.50000000e+01  1.50000000e-01  0.00000000e+00  4.50000000e-01  0.00000000e+00 -1.10407768e-10  1.15875230e-09 -1.04834453e-09 -3.33114867e-18 
 2.50000000e+01  1.50000000e-01  0.00000000e+00  5.00000000e-01  0.00000000e+00 -1.07702202e-10  1.44790722e-09 -1.34020501e-09 -3.31366711e-18 
 2.50000000e+01  1.50000000e-01  0.00000000e+00  5.50000000e-01  0.00000000e+00 -1.04347056e-10  1.79111791e-09 -1.68677086e-09 -3.29000204e-18 
 2.50000000e+01  1.50000000e-01  0.00000000e+00  6.00000000e-01  0.00000000e+00 -1.00185200e-10  2.19548176e-09 -2.09529656e-09 -3.25816790e-18 
 2.50000000e+01  1.50000000e-01  0.00000000e+00  6.50000000e-01  0.00000000e+00 -9.50224814e-11  2.66887218e-09 -2.57384969e-09 -3.21558327e-18 
 2.50000000e+01  1.50000000e-01  0.00000000e+00  7.00000000e-01  0.00000000e+00 -8.86187839e-11  3.22001480e-09 -3.13139601e-09 -3.15890139e-18 
 2.50000000e+01  1.50000000e-01  0.00000000e+00  7.50000000e-01  0.00000000e+00 -8.06770656e-11  3.85857067e-09 -3.77789360e-09 -3.08379410e-18 
 2.50000000e+01  1.50000000e-01  0.00000000e+00  8.00000000e-01  0.00000000e+00 -7.08297937e-11  4.59522698e-09 -4.52439718e-09 -2.98467728e-18 
 2.50000000e+01  2.00000000e-01  0.00000000e+00  0.00000000e+00  0.00000000e+00 -9.68264113e-10  1.99955199e-10  7.68308912e-10  1.21444729e-18 
 2.50000000e+01  2.00000000e-01  0.00000000e+00  5.00000000e-02  0.00000000e+00 -3.31870036e-10  2.24238345e-10  1.07631692e-10 -1.14505278e-18 
 2.50000000e+01  2.00000000e-01  0.00000000e+00  1.00000000e-01  0.00000000e+00 -2.21680704e-10  2.63844577e-10 -4.21638708e-11 -2.33865792e-18 
 2.50000000e+01  2.00000000e-01  0.00000000e+00  1.50000000e-01  0.00000000e+00 -2.03138027e-10  3.21414297e-10 -1.18276266e-10 -3.36777612e-18 
 2.50000000e+01  2.00000000e-01  0.00000000e+00  2.00000000e-01  0.00000000e+00 -1.99955199e-10  3.99910402e-10 -1.99955199e-10 -4.30484946e-18 
 2.50000000e+01  2.00000000e-01  0.00000000e+00  2.50000000e-01  0.00000000e+00 -1.99312949e-10  5.02653652e-10 -3.03340699e-10 -4.30418479e-18 
 2.50000000e+01  2.00000000e-01  0.00000000e+00  3.00000000e-01  0.00000000e+00 -1.99055301e-10  6.33360429e-10 -4.34305123e-10 -4.30316475e-18 
 2.50000000e+01  2.00000000e-01  0.00000000e+00  3.50000000e-01  0.00000000e+00 -1.98809624e-10  7.96183765e-10 -5.97374137e-10 -4.30180962e-18 
 2.50000000e+01  2.00000000e-01  0.00000000e+00  4.00000000e-01  0.00000000e+00 -1.98516648e-10  9.95758135e-10 -7.97241483e-10 -4.30005033e-18 
 2.50000000e+01  2.00000000e-01  0.00000000e+00  4.50000000e-01  0.00000000e+00 -1.98156432e-10  1.23724840e-09 -1.03909197e-09 -4.29775549e-18 
 2.50000000e+01  2.00000000e-01  0.00000000e+00  5.00000000e-01  0.00000000e+00 -1.97710416e-10  1.52640332e-09 -1.32869290e-09 -4.29474443e-18 
 2.50000000e+01  2.00000000e-01  0.00000000e+00  5.50000000e-01  0.00000000e+00 -1.97156912e-10  1.86961402e-09 -1.67245710e-09 -4.29077765e-18 
 2.50000000e+01  2.00000000e-01  0.00000000e+00  6.00000000e-01  0.00000000e+00 -1.96469432e-10  2.27397787e-09 -2.07750843e-09 -4.28554068e-18 
 2.50000000e+01  2.00000000e-01  0.00000000e+00  6.50000000e-01  0.00000000e+00 -1.95615279e-10  2.74736828e-09 -2.55175300e-09 -4.27862251e-18 
 2.50000000e+01  2.00000000e-01  0.00000000e+00  7.00000000e-01  0.00000000e+00 -1.94553960e-10  3.29851090e-09 -3.10395694e-09 -4.26948764e-18 
 2.50000000e+01  2.00000000e-01  0.00000000e+00  7.50000000e-01  0.00000000e+00 -1.93235289e-10  3.93706677e-09 -3.74383148e-09 -4.25744025e-18 
 2.50000000e+01  2.00000000e-01  0.00000000e+00  8.00000000e-01  0.00000000e+00 -1.91597035e-10  4.67372308e-09 -4.48212604e-09 -4.24157843e-18 
 2.50000000e+01  2.50000000e-01  0.00000000e+00  0.00000000e+00  0.00000000e+00 -1.25585358e-09  3.02698450e-10  9.53155129e-10  2.15352887e-18 
 2.50000000e+01  2.50000000e-01  0.00000000e+00  5.00000000e-02  0.00000000e+00 -4.67543996e-10  3.26981595e-10  1.40562402e-10 -1.00126574e-18 
 2.50000000e+01  2.50000000e-01  0.00000000e+00  1.00000000e-01  0.00000000e+00 -3.30277619e-10  3.66587827e-10 -3.63102066e-11 -2.31764424e-18 
 2.50000000e+01  2.50000000e-01  0.00000000e+00  1.50000000e-01  0.00000000e+00 -3.07152525e-10  4.24157547e-10 -1.17005018e-10 -3.36470554e-18 
 2.50000000e+01  2.50000000e-01  0.00000000e+00  2.00000000e-01  0.00000000e+00 -3.03340699e-10  5.02653652e-10 -1.99312949e-10 -4.30418479e-18 
 2.50000000e+01  2.50000000e-01  0.00000000e+00  2.50000000e-01  0.00000000e+00 -3.02698449e-10  6.05396904e-10 -3.02698449e-10 -5.16162556e-18 
 2.50000000e+01  2.50000000e-01  0.00000000e+00  3.00000000e-01  0.00000000e+00 -3.02570467e-10  7.36103680e-10 -4.33533208e-10 -5.16109211e-18 
 2.50000000e+01  2.50000000e-01  0.00000000e+00  3.50000000e-01  0.00000000e+00 -3.02518927e-10  8.98927016e-10 -5.96408085e-10 -5.16048701e-18 
 2.50000000e+01  2.50000000e-01  0.00000000e+00  4.00000000e-01  0.00000000e+00 -3.02469653e-10  1.09850139e-09 -7.96031727e-10 -5.15981438e-18 
 2.50000000e+01  2.50000000e-01  0.00000000e+00  4.50000000e-01  0.00000000e+00 -3.02410801e-10  1.33999165e-09 -1.03758085e-09 -5.15906018e-18 
 2.50000000e+01  2.50000000e-01  0.00000000e+00  5.00000000e-01  0.00000000e+00 -3.02338342e-10  1.62914657e-09 -1.32680823e-09 -5.15819775e-18 
 2.50000000e+01  2.50000000e-01  0.00000000e+00  5.50000000e-01  0.00000000e+00 -3.02248505e-10  1.97235727e-09 -1.67010876e-09 -5.15719044e-18 
 2.50000000e+01  2.50000000e-01  0.00000000e+00  6.00000000e-01  0.00000000e+00 -3.02136867e-10  2.37672112e-09 -2.07458425e-09 -5.15598955e-18 
 2.50000000e+01  2.50000000e-01  0.00000000e+00  6.50000000e-01  0.00000000e+00 -3.01998022e-10  2.85011153e-09 -2.54811351e-09 -5.15453110e-18 
 2.50000000e+01  2.50000000e-01  0.00000000e+00  7.00000000e-01  0.00000000e+00 -3.01825278e-10  3.40125415e-09 -3.09942887e-09 -5.15273130e-18 
 2.50000000e+01  2.50000000e-01  0.00000000e+00  7.50000000e-01  0.00000000e+00 -3.01610340e-10  4.03981002e-09 -3.73819968e-09 -5.15048081e-18 
 2.50000000e+01  2.50000000e-01  0.00000000e+00  8.00000000e-01  0.00000000e+00 -3.01342903e-10  4.77646633e-09 -4.47512342e-09 -5.14763733e-18 
 2.50000000e+01  3.00000000e-01  0.00000000e+00  0.00000000e+00  0.00000000e+00 -1.61323006e-09  4.33405227e-10  1.17982483e-09  3.45312260e-18 
 2.50000000e+01  3.00000000e-01  0.00000000e+00  5.00000000e-02  0.00000000e+00 -6.38495349e-10  4.57688372e-10  1.80806977e-10 -7.97923013e-19 
 2.50000000e+01  3.00000000e-01  0.00000000e+00  1.00000000e-01  0.00000000e+00 -4.67937595e-10  4.97294604e-10 -2.93570075e-11 -2.28705949e-18 
 2.50000000e+01  3.00000000e-01  0.00000000e+00  1.50000000e-01  0.00000000e+00 -4.39067984e-10  5.54864324e-10 -1.15796336e-10 -3.35998869e-18 
 2.50000000e+01  3.00000000e-01  0.00000000e+00  2.00000000e-01  0.00000000e+00 -4.34305123e-10  6.33360429e-10 -1.99055301e-10 -4.30316475e-18 
 2.50000000e+01  3.00000000e-01  0.00000000e+00  2.50000000e-01  0.00000000e+00 -4.33533208e-10  7.36103680e-10 -3.02570467e-10 -5.16109211e-18 
 2.50000000e+01  3.00000000e-01  0.00000000e+00  3.00000000e-01  0.00000000e+00 -4.33405226e-10  8.66810458e-10 -4.33405226e-10 -5.94936931e-18 
 2.50000000e+01  3.00000000e-01  0.00000000e+00  3.50000000e-01  0.00000000e+00 -4.33380007e-10  1.02963379e-09 -5.96253781e-10 -5.94886137e-18 
 2.50000000e+01  3.00000000e-01  0.00000000e+00  4.00000000e-01  0.00000000e+00 -4.33369816e-10  1.22920816e-09 -7.95838342e-10 -5.94833893e-18 
 2.50000000e+01  3.00000000e-01  0.00000000e+00  4.50000000e-01  0.00000000e+00 -4.33360049e-10  1.47069843e-09 -1.03733837e-09 -5.94780274e-18 
 2.50000000e+01  3.00000000e-01  0.00000000e+00  5.00000000e-01  0.00000000e+00 -4.33348367e-10  1.75985335e-09 -1.32650498e-09 -5.94724995e-18 
 2.50000000e+01  3.00000000e-01  0.00000000e+00  5.50000000e-01  0.00000000e+00 -4.33333967e-10  2.10306405e-09 -1.66973007e-09 -5.94667518e-18 
 2.50000000e+01  3.00000000e-01  0.00000000e+00  6.00000000e-01  0.00000000e+00 -4.33316090e-10  2.50742790e-09 -2.07411180e-09 -5.94607103e-18 
 2.50000000e+01  3.00000000e-01  0.00000000e+00  6.50000000e-01  0.00000000e+00 -4.33293850e-10  2.98081831e-09 -2.54752445e-09 -5.94542768e-18 
 2.50000000e+01  3.00000000e-01  0.00000000e+00  7.00000000e-01  0.00000000e+00 -4.33266156e-10  3.53196093e-09 -3.09869477e-09 -5.94473221e-18 
 2.50000000e+01  3.00000000e-01  0.00000000e+00  7.50000000e-01  0.00000000e+00 -4.33231658e-10  4.17051680e-09 -3.73728513e-09 -5.94396772e-18 
 2.50000000e+01  3.00000000e-01  0.00000000e+00  8.00000000e-01  0.00000000e+00 -4.33188682e-10  4.90717311e-09 -4.47398442e-09 -5.94311211e-18 
 2.50000000e+01  3.50000000e-01  0.00000000e+00  0.00000000e+00  0.00000000e+00 -2.05456933e-09  5.96228563e-10  1.45834076e-09  5.22785262e-18 
 2.50000000e+01  3.50000000e-01  0.00000000e+00  5.00000000e-02  0.00000000e+00 -8.50851630e-10  6.20511709e-10  2.30339922e-10 -5.15523170e-19 
 2.50000000e+01  3.50000000e-01  0.00000000e+00  1.00000000e-01  0.00000000e+00 -6.39280020e-10  6.60117941e-10 -2.08379185e-11 -2.24384685e-18 
 2.50000000e+01  3.50000000e-01  0.00000000e+00  1.50000000e-01  0.00000000e+00 -6.03330122e-10  7.17687660e-10 -1.14357535e-10 -3.35328959e-18 
 2.50000000e+01  3.50000000e-01  0.00000000e+00  2.00000000e-01  0.00000000e+00 -5.97374137e-10  7.96183765e-10 -1.98809624e-10 -4.30180962e-18 
 2.50000000e+01  3.50000000e-01  0.00000000e+00  2.50000000e-01  0.00000000e+00 -5.96408085e-10  8.98927016e-10 -3.02518927e-10 -5.16048701e-18 
 2.50000000e+01  3.50000000e-01  0.00000000e+00  3.00000000e-01  0.00000000e+00 -5.96253781e-10  1.02963379e-09 -4.33380007e-10 -5.94886137e-18 
 2.50000000e+01  3.50000000e-01  0.00000000e+00  3.50000000e-01  0.00000000e+00 -5.96228562e-10  1.19245713e-09 -5.96228562e-10 -6.67646964e-18 
 2.50000000e+01  3.50000000e-01  0.00000000e+00  4.00000000e-01  0.00000000e+00 -5.96223643e-10  1.39203150e-09 -7.95807850e-10 -6.67596638e-18 
 2.50000000e+01  3.50000000e-01  0.00000000e+00  4.50000000e-01  0.00000000e+00 -5.96221648e-10  1.63352177e-09 -1.03730011e-09 -6.67545992e-18 
 2.50000000e+01  3.50000000e-01  0.00000000e+00  5.00000000e-01  0.00000000e+00 -5.96219733e-10  1.92267669e-09 -1.32645695e-09 -6.67495035e-18 
 2.50000000e+01  3.50000000e-01  0.00000000e+00  5.50000000e-01  0.00000000e+00 -5.96217438e-10  2.26588738e-09 -1.66966994e-09 -6.67443707e-18 
 2.50000000e+01  3.50000000e-01  0.00000000e+00  6.00000000e-01  0.00000000e+00 -5.96214607e-10  2.67025123e-09 -2.07403662e-09 -6.67391893e-18 
 2.50000000e+01  3.50000000e-01  0.00000000e+00  6.50000000e-01  0.00000000e+00 -5.96211088e-10  3.14364165e-09 -2.54743055e-09 -6.67339443e-18 
 2.50000000e+01  3.50000000e-01  0.00000000e+00  7.00000000e-01  0.00000000e+00 -5.96206705e-10  3.69478427e-09 -3.09857755e-09 -6.67286153e-18 
 2.50000000e+01  3.50000000e-01  0.00000000e+00  7.50000000e-01  0.00000000e+00 -5.96201241e-10  4.33334013e-09 -3.73713889e-09 -6.67231760e-18 
 2.50000000e+01  3.50000000e-01  0.00000000e+00  8.00000000e-01  0.00000000e+00 -5.96194428e-10  5.06999644e-09 -4.47380201e-09 -6.67175919e-18 
 2.50000000e+01  4.00000000e-01  0.00000000e+00  0.00000000e+00  0.00000000e+00 -2.59653181e-09  7.95802933e-10  1.80072887e-09  7.62607781e-18 
 2.50000000e+01  4.00000000e-01  0.00000000e+00  5.00000000e-02  0.00000000e+00 -1.11152253e-09  8.20086079e-10  2.91436448e-10 -1.28420589e-19 
 2.50000000e+01  4.00000000e-01  0.00000000e+00  1.00000000e-01  0.00000000e+00 -8.49366353e-10  8.59692310e-10 -1.03259556e-11 -2.18381701e-18 
 2.50000000e+01  4.00000000e-01  0.00000000e+00  1.50000000e-01  0.00000000e+00 -8.04670714e-10  9.17262030e-10 -1.12591312e-10 -3.34396894e-18 
 2.50000000e+01  4.00000000e-01  0.00000000e+00  2.00000000e-01  0.00000000e+00 -7.97241483e-10  9.95758135e-10 -1.98516648e-10 -4.30005033e-18 
 2.50000000e+01  4.00000000e-01  0.00000000e+00  2.50000000e-01  0.00000000e+00 -7.96031727e-10  1.09850139e-09 -3.02469653e-10 -5.15981438e-18 
 2.50000000e+01  4.00000000e-01  0.00000000e+00  3.00000000e-01  0.00000000e+00 -7.95838342e-10  1.22920816e-09 -4.33369816e-10 -5.94833893e-18 
 2.50000000e+01  4.00000000e-01  0.00000000e+00  3.50000000e-01  0.00000000e+00 -7.95807850e-10  1.39203150e-09 -5.96223643e-10 -6.67596638e-18 
 2.50000000e+01  4.00000000e-01  0.00000000e+00  4.00000000e-01  0.00000000e+00 -7.95802931e-10  1.59160587e-09 -7.95802931e-10 -7.35001966e-18 
 2.50000000e+01  4.00000000e-01  0.00000000e+00  4.50000000e-01  0.00000000e+00 -7.95801980e-10  1.83309614e-09 -1.03729415e-09 -7.34951695e-18 
 2.50000000e+01  4.00000000e-01  0.00000000e+00  5.00000000e-01  0.00000000e+00 -7.95801593e-10  2.12225106e-09 -1.32644946e-09 -7.34901320e-18 
 2.50000000e+01  4.00000000e-01  0.00000000e+00  5.50000000e-01  0.00000000e+00 -7.95801221e-10  2.46546175e-09 -1.66966052e-09 -7.34850840e-18 
 2.50000000e+01  4.00000000e-01  0.00000000e+00  6.00000000e-01  0.00000000e+00 -7.95800774e-10  2.86982560e-09 -2.07402482e-09 -7.34800235e-18 
 2.50000000e+01  4.00000000e-01  0.00000000e+00  6.50000000e-01  0.00000000e+00 -7.95800222e-10  3.34321601e-09 -2.54741578e-09 -7.34749476e-18 
 2.50000000e+01  4.00000000e-01  0.00000000e+00  7.00000000e-01  0.00000000e+00 -7.95799535e-10  3.89435863e-09 -3.09855909e-09 -7.34698528e-18 
 2.50000000e+01  4.00000000e-01  0.00000000e+00  7.50000000e-01  0.00000000e+00 -7.95798679e-10  4.53291450e-09 -3.73711582e-09 -7.34647341e-18 
 2.50000000e+01  4.00000000e-01  0.00000000e+00  8.00000000e-01  0.00000000e+00 -7.95797611e-10  5.26957081e-09 -4.47377319e-09 -7.34595855e-18 
 2.50000000e+01  4.50000000e-01  0.00000000e+00  0.00000000e+00  0.00000000e+00 -3.25888322e-09  1.03729320e-09  2.22159001e-09  1.08387887e-17 
 2.50000000e+01  4.50000000e-01  0.00000000e+00  5.00000000e-02  0.00000000e+00 -1.42842312e-09  1.06157635e-09  3.66846777e-10  3.96774592e-19 
 2.50000000e+01  4.50000000e-01  0.00000000e+00  1.00000000e-01  0.00000000e+00 -1.10385654e-09  1.10118258e-09  2.67396828e-12 -2.10144124e-18 
 2.50000000e+01  4.50000000e-01  0.00000000e+00  1.50000000e-01  0.00000000e+00 -1.04834453e-09  1.15875230e-09 -1.10407768e-10 -3.33114867e-18 
 2.50000000e+01  4.50000000e-01  0.00000000e+00  2.00000000e-01  0.00000000e+00 -1.03909197e-09  1.23724840e-09 -1.98156432e-10 -4.29775549e-18 
 2.50000000e+01  4.50000000e-01  0.00000000e+00  2.50000000e-01  0.00000000e+00 -1.03758085e-09  1.33999165e-09 -3.02410801e-10 -5.15906018e-18 
 2.50000000e+01  4.50000000e-01  0.00000000e+00  3.00000000e-01  0.00000000e+00 -1.03733837e-09  1.47069843e-09 -4.33360049e-10 -5.94780274e-18 
 2.50000000e+01  4.50000000e-01  0.00000000e+00  3.50000000e-01  0.00000000e+00 -1.03730011e-09  1.63352177e-09 -5.96221648e-10 -6.67545992e-18 
 2.50000000e+01  4.50000000e-01  0.00000000e+00  4.00000000e-01  0.00000000e+00 -1.03729415e-09  1.83309614e-09 -7.95801980e-10 -7.34951695e-18 
 2.50000000e+01  4.50000000e-01  0.00000000e+00  4.50000000e-01  0.00000000e+00 -1.03729320e-09  2.07458640e-09 -1.03729320e-09 -7.97605174e-18 
 2.50000000e+01  4.50000000e-01  0.00000000e+00  5.00000000e-01  0.00000000e+00 -1.03729301e-09  2.36374132e-09 -1.32644830e-09 -7.97554872e-18 
 2.50000000e+01  4.50000000e-01  0.00000000e+00  5.50000000e-01  0.00000000e+00 -1.03729294e-09  2.70695202e-09 -1.66965907e-09 -7.97504505e-18 
 2.50000000e+01  4.50000000e-01  0.00000000e+00  6.00000000e-01  0.00000000e+00 -1.03729287e-09  3.11131587e-09 -2.07402299e-09 -7.97454064e-18 
 2.50000000e+01  4.50000000e-01  0.00000000e+00  6.50000000e-01  0.00000000e+00 -1.03729278e-09  3.58470628e-09 -2.54741349e-09 -7.97403541e-18 
 2.50000000e+01  4.50000000e-01  0.00000000e+00  7.00000000e-01  0.00000000e+00 -1.03729267e-09  4.13584890e-09 -3.09855622e-09 -7.97352922e-18 
 2.50000000e+01  4.50000000e-01  0.00000000e+00  7.50000000e-01  0.00000000e+00 -1.03729254e-09  4.77440477e-09 -3.73711222e-09 -7.97302192e-18 
 2.50000000e+01  4.50000000e-01  0.00000000e+00  8.00000000e-01  0.00000000e+00 -1.03729237e-09  5.51106107e-09 -4.47376869e-09 -7.97251332e-18 
 2.50000000e+01  5.00000000e-01  0.00000000e+00  0.00000000e+00  0.00000000e+00 -4.06514947e-09  1.32644812e-09  2.73870134e-09  1.51108666e-17 
 2.50000000e+01  5.00000000e-01  0.00000000e+00  5.00000000e-02  0.00000000e+00 -1.81066489e-09  1.35073127e-09  4.59933623e-10  1.10331902e-18 
 2.50000000e+01  5.00000000e-01  0.00000000e+00  1.00000000e-01  0.00000000e+00 -1.40910062e-09  1.39033750e-09  1.87631199e-11 -1.98949380e-18 
 2.50000000e+01  5.00000000e-01  0.00000000e+00  1.50000000e-01  0.00000000e+00 -1.34020501e-09  1.44790722e-09 -1.07702202e-10 -3.31366711e-18 
 2.50000000e+01  5.00000000e-01  0.00000000e+00  2.00000000e-01  0.00000000e+00 -1.32869290e-09  1.52640332e-09 -1.97710416e-10 -4.29474443e-18 
 2.50000000e+01  5.00000000e-01  0.00000000e+00  2.50000000e-01  0.00000000e+00 -1.32680823e-09  1.62914657e-09 -3.02338342e-10 -5.15819775e-18 
 2.50000000e+01  5.00000000e-01  0.00000000e+00  3.00000000e-01  0.00000000e+00 -1.32650498e-09  1.75985335e-09 -4.33348367e-10 -5.94724995e-18 
 2.50000000e+01  5.00000000e-01  0.00000000e+00  3.50000000e-01  0.00000000e+00 -1.32645695e-09  1.92267669e-09 -5.96219733e-10 -6.67495035e-18 
 2.50000000e+01  5.00000000e-01  0.00000000e+00  4.00000000e-01  0.00000000e+00 -1.32644946e-09  2.12225106e-09 -7.95801593e-10 -7.34901320e-18 
 2.50000000e+01  5.00000000e-01  0.00000000e+00  4.50000000e-01  0.00000000e+00 -1.32644830e-09  2.36374132e-09 -1.03729301e-09 -7.97554872e-18 
 2.50000000e+01  5.00000000e-01  0.00000000e+00  5.00000000e-01  0.00000000e+00 -1.32644812e-09  2.65289624e-09 -1.32644812e-09 -8.55972774e-18 
 2.50000000e+01  5.00000000e-01  0.00000000e+00  5.50000000e-01  0.00000000e+00 -1.32644808e-09  2.99610694e-09 -1.66965885e-09 -8.55922420e-18 
 2.50000000e+01  5.00000000e-01  0.00000000e+00  6.00000000e-01  0.00000000e+00 -1.32644807e-09  3.40047079e-09 -2.07402271e-09 -8.55872001e-18 
 2.50000000e+01  5.00000000e-01  0.00000000e+00  6.50000000e-01  0.00000000e+00 -1.32644805e-09  3.87386120e-09 -2.54741314e-09 -8.55821510e-18 
 2.50000000e+01  5.00000000e-01  0.00000000e+00  7.00000000e-01  0.00000000e+00 -1.32644803e-09  4.42500382e-09 -3.09855578e-09 -8.55770936e-18 
 2.50000000e+01  5.00000000e-01  0.00000000e+00  7.50000000e-01  0.00000000e+00 -1.32644801e-09  5.06355969e-09 -3.73711167e-09 -8.55720269e-18 
 2.50000000e+01  5.00000000e-01  0.00000000e+00  8.00000000e-01  0.00000000e+00 -1.32644798e-09  5.80021599e-09 -4.47376800e-09 -8.55669498e-18 
 2.50000000e+01  5.50000000e-01  0.00000000e+00  0.00000000e+00  0.00000000e+00 -5.04337081e-09  1.66965882e-09  3.37371198e-09  2.07551707e-17 
 2.50000000e+01  5.50000000e-01  0.00000000e+00  5.00000000e-02  0.00000000e+00 -2.26876292e-09  1.69394196e-09  5.74820955e-10  2.04704834e-18 
 2.50000000e+01  5.50000000e-01  0.00000000e+00  1.00000000e-01  0.00000000e+00 -1.77222813e-09  1.73354820e-09  3.86799368e-11 -1.83857583e-18 
 2.50000000e+01  5.50000000e-01  0.00000000e+00  1.50000000e-01  0.00000000e+00 -1.68677086e-09  1.79111791e-09 -1.04347056e-10 -3.29000204e-18 
 2.50000000e+01  5.50000000e-01  0.00000000e+00  2.00000000e-01  0.00000000e+00 -1.67245710e-09  1.86961402e-09 -1.97156912e-10 -4.29077765e-18 
 2.50000000e+01  5.50000000e-01  0.00000000e+00  2.50000000e-01  0.00000000e+00 -1.67010876e-09  1.97235727e-09 -3.02248505e-10 -5.15719044e-18 
 2.50000000e+01  5.50000000e-01  0.00000000e+00  3.00000000e-01  0.00000000e+00 -1.66973007e-09  2.10306405e-09 -4.33333967e-10 -5.94667518e-18 
 2.50000000e+01  5.50000000e-01  0.00000000e+00  3.50000000e-01  0.00000000e+00 -1.66966994e-09  2.26588738e-09 -5.96217438e-10 -6.67443707e-18 
 2.50000000e+01  5.50000000e-01  0.00000000e+00  4.00000000e-01  0.00000000e+00 -1.66966052e-09  2.46546175e-09 -7.95801221e-10 -7.34850840e-18 
 2.50000000e+01  5.50000000e-01  0.00000000e+00  4.50000000e-01  0.00000000e+00 -1.66965907e-09  2.70695202e-09 -1.03729294e-09 -7.97504505e-18 
 2.50000000e+01  5.50000000e-01  0.00000000e+00  5.00000000e-01  0.00000000e+00 -1.66965885e-09  2.99610694e-09 -1.32644808e-09 -8.55922420e-18 
 2.50000000e+01  5.50000000e-01  0.00000000e+00  5.50000000e-01  0.00000000e+00 -1.66965881e-09  3.33931763e-09 -1.66965881e-09 -9.10549037e-18 
 2.50000000e+01  5.50000000e-01  0.00000000e+00  6.00000000e-01  0.00000000e+00 -1.66965880e-09  3.74368148e-09 -2.07402267e-09 -9.10498622e-18 
 2.50000000e+01  5.50000000e-01  0.00000000e+00  6.50000000e-01  0.00000000e+00 -1.66965880e-09  4.21707189e-09 -2.54741308e-09 -9.10448134e-18 
 2.50000000e+01  5.50000000e-01  0.00000000e+00  7.00000000e-01  0.00000000e+00 -1.66965880e-09  4.76821451e-09 -3.09855571e-09 -9.10397567e-18 
 2.50000000e+01  5.50000000e-01  0.00000000e+00  7.50000000e-01  0.00000000e+00 -1.66965879e-09  5.40677038e-09 -3.73711158e-09 -9.10346909e-18 
 2.50000000e+01  5.50000000e-01  0.00000000e+00  8.00000000e-01  0.00000000e+00 -1.66965878e-09  6.14342668e-09 -4.47376789e-09 -9.10296149e-18 
 2.50000000e+01  6.00000000e-01  0.00000000e+00  0.00000000e+00  0.00000000e+00 -6.22699352e-09  2.07402267e-09  4.15297082e-09  2.81700625e-17 
 2.50000000e+01  6.00000000e-01  0.00000000e+00  5.00000000e-02  0.00000000e+00 -2.81487511e-09  2.09830581e-09  7.16569292e-10  3.29980852e-18 
 2.50000000e+01  6.00000000e-01  0.00000000e+00  1.00000000e-01  0.00000000e+00 -2.20124617e-09  2.13791204e-09  6.33341263e-11 -1.63650328e-18 
 2.50000000e+01  6.00000000e-01  0.00000000e+00  1.50000000e-01  0.00000000e+00 -2.09529656e-09  2.19548176e-09 -1.00185200e-10 -3.25816790e-18 
 2.50000000e+01  6.00000000e-01  0.00000000e+00  2.00000000e-01  0.00000000e+00 -2.07750843e-09  2.27397787e-09 -1.96469432e-10 -4.28554068e-18 
 2.50000000e+01  6.00000000e-01  0.00000000e+00  2.50000000e-01  0.00000000e+00 -2.07458425e-09  2.37672112e-09 -3.02136867e-10 -5.15598955e-18 
 2.50000000e+01  6.00000000e-01  0.00000000e+00  3.00000000e-01  0.00000000e+00 -2.07411180e-09  2.50742790e-09 -4.33316090e-10 -5.94607103e-18 
 2.50000000e+01  6.00000000e-01  0.00000000e+00  3.50000000e-01  0.00000000e+00 -2.07403662e-09  2.67025123e-09 -5.96214607e-10 -6.67391893e-18 
 2.50000000e+01  6.00000000e-01  0.00000000e+00  4.00000000e-01  0.00000000e+00 -2.07402482e-09  2.86982560e-09 -7.95800774e-10 -7.34800235e-18 
 2.50000000e+01  6.00000000e-01  0.00000000e+00  4.50000000e-01  0.00000000e+00 -2.07402299e-09  3.11131587e-09 -1.03729287e-09 -7.97454064e-18 
 2.50000000e+01  6.00000000e-01  0.00000000e+00  5.00000000e-01  0.00000000e+00 -2.07402271e-09  3.40047079e-09 -1.32644807e-09 -8.55872001e-18 
 2.50000000e+01  6.00000000e-01  0.00000000e+00  5.50000000e-01  0.00000000e+00 -2.07402267e-09  3.74368148e-09 -1.66965880e-09 -9.10498622e-18 
 2.50000000e+01  6.00000000e-01  0.00000000e+00  6.00000000e-01  0.00000000e+00 -2.07402266e-09  4.14804533e-09 -2.07402266e-09 -9.61718420e-18 
 2.50000000e+01  6.00000000e-01  0.00000000e+00  6.50000000e-01  0.00000000e+00 -2.07402266e-09  4.62143574e-09 -2.54741307e-09 -9.61667934e-18 
 2.50000000e+01  6.00000000e-01  0.00000000e+00  7.00000000e-01  0.00000000e+00 -2.07402265e-09  5.17257836e-09 -3.09855570e-09 -9.61617367e-18 
 2.50000000e+01  6.00000000e-01  0.00000000e+00  7.50000000e-01  0.00000000e+00 -2.07402265e-09  5.81113422e-09 -3.73711156e-09 -9.61566710e-18 
 2.50000000e+01  6.00000000e-01  0.00000000e+00  8.00000000e-01  0.00000000e+00 -2.07402265e-09  6.54779053e-09 -4.47376787e-09 -9.61515953e-18 
 2.50000000e+01  6.50000000e-01  0.00000000e+00  0.00000000e+00  0.00000000e+00 -7.65593614e-09  2.54741308e-09  5.10852302e-09  3.78611089e-17 
 2.50000000e+01  6.50000000e-01  0.00000000e+00  5.00000000e-02  0.00000000e+00 -3.46308374e-09  2.57169623e-09  8.91387504e-10  4.95377679e-18 
 2.50000000e+01  6.50000000e-01  0.00000000e+00  1.00000000e-01  0.00000000e+00 -2.70514974e-09  2.61130246e-09  9.38472817e-11 -1.36752756e-18 
 2.50000000e+01  6.50000000e-01  0.00000000e+00  1.50000000e-01  0.00000000e+00 -2.57384969e-09  2.66887218e-09 -9.50224814e-11 -3.21558327e-18 
 2.50000000e+01  6.50000000e-01  0.00000000e+00  2.00000000e-01  0.00000000e+00 -2.55175300e-09  2.74736828e-09 -1.95615279e-10 -4.27862251e-18 
 2.50000000e+01  6.50000000e-01  0.00000000e+00  2.50000000e-01  0.00000000e+00 -2.54811351e-09  2.85011153e-09 -3.01998022e-10 -5.15453110e-18 
 2.50000000e+01  6.50000000e-01  0.00000000e+00  3.00000000e-01  0.00000000e+00 -2.54752445e-09  2.98081831e-09 -4.33293850e-10 -5.94542768e-18 
 2.50000000e+01  6.50000000e-01  0.00000000e+00  3.50000000e-01  0.00000000e+00 -2.54743055e-09  3.14364165e-09 -5.96211088e-10 -6.67339443e-18 
 2.50000000e+01  6.50000000e-01  0.00000000e+00  4.00000000e-01  0.00000000e+00 -2.54741578e-09  3.34321601e-09 -7.95800222e-10 -7.34749476e-18 
 2.50000000e+01  6.50000000e-01  0.00000000e+00  4.50000000e-01  0.00000000e+00 -2.54741349e-09  3.58470628e-09 -1.03729278e-09 -7.97403541e-18 
 2.50000000e+01  6.50000000e-01  0.00000000e+00  5.00000000e-01  0.00000000e+00 -2.54741314e-09  3.87386120e-09 -1.32644805e-09 -8.55821510e-18 
 2.50000000e+01  6.50000000e-01  0.00000000e+00  5.50000000e-01  0.00000000e+00 -2.54741308e-09  4.21707189e-09 -1.66965880e-09 -9.10448134e-18 
 2.50000000e+01  6.50000000e-01  0.00000000e+00  6.00000000e-01  0.00000000e+00 -2.54741307e-09  4.62143574e-09 -2.07402266e-09 -9.61667934e-18 
 2.50000000e+01  6.50000000e-01  0.00000000e+00  6.50000000e-01  0.00000000e+00 -2.54741307e-09  5.09482615e-09 -2.54741307e-09 -1.00981530e-17 
 2.50000000e+01  6.50000000e-01  0.00000000e+00  7.00000000e-01  0.00000000e+00 -2.54741307e-09  5.64596877e-09 -3.09855569e-09 -1.00976473e-17 
 2.50000000e+01  6.50000000e-01  0.00000000e+00  7.50000000e-01  0.00000000e+00 -2.54741307e-09  6.28452463e-09 -3.73711156e-09 -1.00971407e-17 
 2.50000000e+01  6.50000000e-01  0.00000000e+00  8.00000000e-01  0.00000000e+00 -2.54741306e-09  7.02118094e-09 -4.47376787e-09 -1.00966332e-17 
 2.50000000e+01  7.00000000e-01  0.00000000e+00  0.00000000e+00  0.00000000e+00 -9.37787415e-09  3.09855570e-09  6.27931839e-09  5.04678514e-17 
 2.50000000e+01  7.00000000e-01  0.00000000e+00  5.00000000e-02  0.00000000e+00 -4.22973030e-09  3.12283885e-09  1.10689144e-09  7.12688452e-18 
 2.50000000e+01  7.00000000e-01  0.00000000e+00  1.00000000e-01  0.00000000e+00 -3.29404748e-09  3.16244508e-09  1.31602399e-10 -1.01134664e-18 
 2.50000000e+01  7.00000000e-01  0.00000000e+00  1.50000000e-01  0.00000000e+00 -3.13139601e-09  3.22001480e-09 -8.86187839e-11 -3.15890139e-18 
 2.50000000e+01  7.00000000e-01  0.00000000e+00  2.00000000e-01  0.00000000e+00 -3.10395694e-09  3.29851090e-09 -1.94553960e-10 -4.26948764e-18 
 2.50000000e+01  7.00000000e-01  0.00000000e+00  2.50000000e-01  0.00000000e+00 -3.09942887e-09  3.40125415e-09 -3.01825278e-10 -5.15273130e-18 
 2.50000000e+01  7.00000000e-01  0.00000000e+00  3.00000000e-01  0.00000000e+00 -3.09869477e-09  3.53196093e-09 -4.33266156e-10 -5.94473221e-18 
 2.50000000e+01  7.00000000e-01  0.00000000e+00  3.50000000e-01  0.00000000e+00 -3.09857755e-09  3.69478427e-09 -5.96206705e-10 -6.67286153e-18 
 2.50000000e+01  7.00000000e-01  0.00000000e+00  4.00000000e-01  0.00000000e+00 -3.09855909e-09  3.89435863e-09 -7.95799535e-10 -7.34698528e-18 
 2.50000000e+01  7.00000000e-01  0.00000000e+00  4.50000000e-01  0.00000000e+00 -3.09855622e-09  4.13584890e-09 -1.03729267e-09 -7.97352922e-18 
 2.50000000e+01  7.00000000e-01  0.00000000e+00  5.00000000e-01  0.00000000e+00 -3.09855578e-09  4.42500382e-09 -1.32644803e-09 -8.55770936e-18 
 2.50000000e+01  7.00000000e-01  0.00000000e+00  5.50000000e-01  0.00000000e+00 -3.09855571e-09  4.76821451e-09 -1.66965880e-09 -9.10397567e-18 
 2.50000000e+01  7.00000000e-01  0.00000000e+00  6.00000000e-01  0.00000000e+00 -3.09855570e-09  5.17257836e-09 -2.07402265e-09 -9.61617367e-18 
 2.50000000e+01  7.00000000e-01  0.00000000e+00  6.50000000e-01  0.00000000e+00 -3.09855569e-09  5.64596877e-09 -2.54741307e-09 -1.00976473e-17 
 2.50000000e+01  7.00000000e-01  0.00000000e+00  7.00000000e-01  0.00000000e+00 -3.09855569e-09  6.19711139e-09 -3.09855569e-09 -1.05513186e-17 
 2.50000000e+01  7.00000000e-01  0.00000000e+00  7.50000000e-01  0.00000000e+00 -3.09855568e-09  6.83566725e-09 -3.73711156e-09 -1.05508120e-17 
 2.50000000e+01  7.00000000e-01  0.00000000e+00  8.00000000e-01  0.00000000e+00 -3.09855568e-09  7.57232355e-09 -4.47376786e-09 -1.05503044e-17 
 2.50000000e+01  7.50000000e-01  0.00000000e+00  0.00000000e+00  0.00000000e+00 -1.14497972e-08  3.73711157e-09  7.71268556e-09  6.67966826e-17 
 2.50000000e+01  7.50000000e-01  0.00000000e+00  5.00000000e-02  0.00000000e+00 -5.13381666e-09  3.76139472e-09  1.37242193e-09  9.96960156e-18 
 2.50000000e+01  7.50000000e-01  0.00000000e+00  1.00000000e-01  0.00000000e+00 -3.97930581e-09  3.80100095e-09  1.78304860e-10 -5.41854328e-19 
 2.50000000e+01  7.50000000e-01  0.00000000e+00  1.50000000e-01  0.00000000e+00 -3.77789360e-09  3.85857067e-09 -8.06770656e-11 -3.08379410e-18 
 2.50000000e+01  7.50000000e-01  0.00000000e+00  2.00000000e-01  0.00000000e+00 -3.74383148e-09  3.93706677e-09 -1.93235289e-10 -4.25744025e-18 
 2.50000000e+01  7.50000000e-01  0.00000000e+00  2.50000000e-01  0.00000000e+00 -3.73819968e-09  4.03981002e-09 -3.01610340e-10 -5.15048081e-18 
 2.50000000e+01  7.50000000e-01  0.00000000e+00  3.00000000e-01  0.00000000e+00 -3.73728513e-09  4.17051680e-09 -4.33231658e-10 -5.94396772e-18 
 2.50000000e+01  7.50000000e-01  0.00000000e+00  3.50000000e-01  0.00000000e+00 -3.73713889e-09  4.33334013e-09 -5.96201241e-10 -6.67231760e-18 
 2.50000000e+01  7.50000000e-01  0.00000000e+00  4.00000000e-01  0.00000000e+00 -3.73711582e-09  4.53291450e-09 -7.95798679e-10 -7.34647341e-18 
 2.50000000e+01  7.50000000e-01  0.00000000e+00  4.50000000e-01  0.00000000e+00 -3.73711222e-09  4.77440477e-09 -1.03729254e-09 -7.97302192e-18 
 2.50000000e+01  7.50000000e-01  0.00000000e+00  5.00000000e-01  0.00000000e+00 -3.73711167e-09  5.06355969e-09 -1.32644801e-09 -8.55720269e-18 
 2.50000000e+01  7.50000000e-01  0.00000000e+00  5.50000000e-01  0.00000000e+00 -3.73711158e-09  5.40677038e-09 -1.66965879e-09 -9.10346909e-18 
 2.50000000e+01  7.50000000e-01  0.00000000e+00  6.00000000e-01  0.00000000e+00 -3.73711156e-09  5.81113422e-09 -2.07402265e-09 -9.61566710e-18 
 2.50000000e+01  7.50000000e-01  0.00000000e+00  6.50000000e-01  0.00000000e+00 -3.73711156e-09  6.28452463e-09 -2.54741307e-09 -1.00971407e-17 
 2.50000000e+01  7.50000000e-01  0.00000000e+00  7.00000000e-01  0.00000000e+00 -3.73711156e-09  6.83566725e-09 -3.09855568e-09 -1.05508120e-17 
 2.50000000e+01  7.50000000e-01  0.00000000e+00  7.50000000e-01  0.00000000e+00 -3.73711155e-09  7.47422311e-09 -3.73711155e-09 -1.09792455e-17 
 2.50000000e+01  7.50000000e-01  0.00000000e+00  8.00000000e-01  0.00000000e+00 -3.73711155e-09  8.21087941e-09 -4.47376786e-09 -1.09787379e-17 
 2.50000000e+01  8.00000000e-01  0.00000000e+00  0.00000000e+00  0.00000000e+00 -1.39399060e-08  4.47376788e-09  9.46613801e-09  8.78610462e-17 
 2.50000000e+01  8.00000000e-01  0.00000000e+00  5.00000000e-02  0.00000000e+00 -6.19748900e-09  4.49805103e-09  1.69943796e-09  1.36733978e-17 
 2.50000000e+01  8.00000000e-01  0.00000000e+00  1.00000000e-01  0.00000000e+00 -4.77371529e-09  4.53765726e-09  2.36058036e-10  7.44381760e-20 
 2.50000000e+01  8.00000000e-01  0.00000000e+00  1.50000000e-01  0.00000000e+00 -4.52439718e-09  4.59522698e-09 -7.08297937e-11 -2.98467728e-18 
 2.50000000e+01  8.00000000e-01  0.00000000e+00  2.00000000e-01  0.00000000e+00 -4.48212604e-09  4.67372308e-09 -1.91597035e-10 -4.24157843e-18 
 2.50000000e+01  8.00000000e-01  0.00000000e+00  2.50000000e-01  0.00000000e+00 -4.47512342e-09  4.77646633e-09 -3.01342903e-10 -5.14763733e-18 
 2.50000000e+01  8.00000000e-01  0.00000000e+00  3.00000000e-01  0.00000000e+00 -4.47398442e-09  4.90717311e-09 -4.33188682e-10 -5.94311211e-18 
 2.50000000e+01  8.00000000e-01  0.00000000e+00  3.50000000e-01  0.00000000e+00 -4.47380201e-09  5.06999644e-09 -5.96194428e-10 -6.67175919e-18 
 2.50000000e+01  8.00000000e-01  0.00000000e+00  4.00000000e-01  0.00000000e+00 -4.47377319e-09  5.26957081e-09 -7.95797611e-10 -7.34595855e-18 
 2.50000000e+01  8.00000000e-01  0.00000000e+00  4.50000000e-01  0.00000000e+00 -4.47376869e-09  5.51106107e-09 -1.03729237e-09 -7.97251332e-18 
 2.50000000e+01  8.00000000e-01  0.00000000e+00  5.00000000e-01  0.00000000e+00 -4.47376800e-09  5.80021599e-09 -1.32644798e-09 -8.55669498e-18 
 2.50000000e+01  8.00000000e-01  0.00000000e+00  5.50000000e-01  0.00000000e+00 -4.47376789e-09  6.14342668e-09 -1.66965878e-09 -9.10296149e-18 
 2.50000000e+01  8.00000000e-01  0.00000000e+00  6.00000000e-01  0.00000000e+00 -4.47376787e-09  6.54779053e-09 -2.07402265e-09 -9.61515953e-18 
 2.50000000e+01  8.00000000e-01  0.00000000e+00  6.50000000e-01  0.00000000e+00 -4.47376787e-09  7.02118094e-09 -2.54741306e-09 -1.00966332e-17 
 2.50000000e+01  8.00000000e-01  0.00000000e+00  7.00000000e-01  0.00000000e+00 -4.47376786e-09  7.57232355e-09 -3.09855568e-09 -1.05503044e-17 
 2.50000000e+01  8.00000000e-01  0.00000000e+00  7.50000000e-01  0.00000000e+00 -4.47376786e-09  8.21087941e-09 -3.73711155e-09 -1.09787379e-17 
 2.50000000e+01  8.00000000e-01  0.00000000e+00  8.00000000e-01  0.00000000e+00 -4.47376785e-09  8.94753571e-09 -4.47376785e-09 -1.13841938e-17 
