 2.50000000e+01  0.00000000e+00  0.00000000e+00  0.00000000e+00  0.00000000e+00 -5.60366657e-22  1.06658537e-19 -5.60366657e-22 -1.05537804e-19 
 2.50000000e+01  0.00000000e+00  0.00000000e+00  5.00000000e-02  0.00000000e+00  1.60351680e-10  8.57052119e-12 -1.68922202e-10 -4.59218903e-20 
 2.50000000e+01  0.00000000e+00  0.00000000e+00  1.00000000e-01  0.00000000e+00  2.23069003e-10  2.25491914e-11 -2.45618195e-10  8.56662335e-20 
 2.50000000e+01  0.00000000e+00  0.00000000e+00  1.50000000e-01  0.00000000e+00  2.81897263e-10  4.28679158e-11 -3.24765179e-10  2.95512684e-19 
 2.50000000e+01  0.00000000e+00  0.00000000e+00  2.00000000e-01  0.00000000e+00  3.51310351e-10  7.05724233e-11 -4.21882775e-10  6.00458125e-19 
 2.50000000e+01  0.00000000e+00  0.00000000e+00  2.50000000e-01  0.00000000e+00  4.35831911e-10  1.06834747e-10 -5.42666659e-10  1.03015285e-18 
 2.50000000e+01  0.00000000e+00  0.00000000e+00  3.00000000e-01  0.00000000e+00  5.39477524e-10  1.52966551e-10 -6.92444076e-10  1.62469521e-18 
 2.50000000e+01  0.00000000e+00  0.00000000e+00  3.50000000e-01  0.00000000e+00  6.66830064e-10  2.10433611e-10 -8.77263677e-10  2.43650273e-18 
 2.50000000e+01  0.00000000e+00  0.00000000e+00  4.00000000e-01  0.00000000e+00  8.23388419e-10  2.80871624e-10 -1.10426005e-09  3.53341587e-18 
 2.50000000e+01  0.00000000e+00  0.00000000e+00  4.50000000e-01  0.00000000e+00  1.01582889e-09  3.66103483e-10 -1.38193238e-09  5.00276881e-18 
 2.50000000e+01  0.00000000e+00  0.00000000e+00  5.00000000e-01  0.00000000e+00  1.25228018e-09  4.68158162e-10 -1.72043835e-09  6.95653850e-18 
 2.50000000e+01  0.00000000e+00  0.00000000e+00  5.50000000e-01  0.00000000e+00  1.54264151e-09  5.89291349e-10 -2.13193287e-09  9.53778640e-18 
 2.50000000e+01  0.00000000e+00  0.00000000e+00  6.00000000e-01  0.00000000e+00  1.89896119e-09  7.32008003e-10 -2.63096921e-09  1.29286722e-17 
 2.50000000e+01  0.00000000e+00  0.00000000e+00  6.50000000e-01  0.00000000e+00  2.33589230e-09  8.99086974e-10 -3.23497929e-09  1.73603792e-17 
 2.50000000e+01  0.00000000e+00  0.00000000e+00  7.00000000e-01  0.00000000e+00  2.87124539e-09  1.09360790e-09 -3.96485331e-09  2.31253558e-17 
 2.50000000e+01  0.00000000e+00  0.00000000e+00  7.50000000e-01  0.00000000e+00  3.52666268e-09  1.31898056e-09 -4.84564328e-09  3.05923515e-17 
 2.50000000e+01  0.00000000e+00  0.00000000e+00  8.00000000e-01  0.00000000e+00  4.32844424e-09  1.57897691e-09 -5.90742119e-09  4.02248030e-17 
 2.50000000e+01  5.00000000e-02  0.00000000e+00  0.00000000e+00  0.00000000e+00 -1.68922202e-10  8.57052119e-12  1.60351680e-10 -4.59218903e-20 
 2.50000000e+01  5.00000000e-02  0.00000000e+00  5.00000000e-02  0.00000000e+00 -8.57052141e-12  1.71410433e-11 -8.57052141e-12 -4.41088602e-19 
 2.50000000e+01  5.00000000e-02  0.00000000e+00  1.00000000e-01  0.00000000e+00  2.55655789e-11  3.11197135e-11 -5.66852919e-11 -4.29428624e-19 
 2.50000000e+01  5.00000000e-02  0.00000000e+00  1.50000000e-01  0.00000000e+00  3.90363794e-11  5.14384378e-11 -9.04748169e-11 -4.01145537e-19 
 2.50000000e+01  5.00000000e-02  0.00000000e+00  2.00000000e-01  0.00000000e+00  5.17477762e-11  7.91429454e-11 -1.30890721e-10 -3.55796288e-19 
 2.50000000e+01  5.00000000e-02  0.00000000e+00  2.50000000e-01  0.00000000e+00  6.68053358e-11  1.15405269e-10 -1.82210605e-10 -2.89769373e-19 
 2.50000000e+01  5.00000000e-02  0.00000000e+00  3.00000000e-01  0.00000000e+00  8.52072489e-11  1.61537073e-10 -2.46744321e-10 -1.96513365e-19 
 2.50000000e+01  5.00000000e-02  0.00000000e+00  3.50000000e-01  0.00000000e+00  1.07856305e-10  2.19004133e-10 -3.26860438e-10 -6.71074975e-20 
 2.50000000e+01  5.00000000e-02  0.00000000e+00  4.00000000e-01  0.00000000e+00  1.35792823e-10  2.89442146e-10 -4.25234969e-10  1.10175597e-19 
 2.50000000e+01  5.00000000e-02  0.00000000e+00  4.50000000e-01  0.00000000e+00  1.70274326e-10  3.74674005e-10 -5.44948331e-10  3.50603995e-19 
 2.50000000e+01  5.00000000e-02  0.00000000e+00  5.00000000e-01  0.00000000e+00  2.12838394e-10  4.76728684e-10 -6.89567078e-10  6.73957390e-19 
 2.50000000e+01  5.00000000e-02  0.00000000e+00  5.50000000e-01  0.00000000e+00  2.65370681e-10  5.97861871e-10 -8.63232553e-10  1.10576730e-18 
 2.50000000e+01  5.00000000e-02  0.00000000e+00  6.00000000e-01  0.00000000e+00  3.30185068e-10  7.40578525e-10 -1.07076360e-09  1.67888606e-18 
 2.50000000e+01  5.00000000e-02  0.00000000e+00  6.50000000e-01  0.00000000e+00  4.10120502e-10  9.07657496e-10 -1.31777800e-09  2.43546257e-18 
 2.50000000e+01  5.00000000e-02  0.00000000e+00  7.00000000e-01  0.00000000e+00  5.08659247e-10  1.10217842e-09 -1.61083767e-09  3.42942187e-18 
 2.50000000e+01  5.00000000e-02  0.00000000e+00  7.50000000e-01  0.00000000e+00  6.30072289e-10  1.32755108e-09 -1.95762338e-09  4.72956731e-18 
 2.50000000e+01  5.00000000e-02  0.00000000e+00  8.00000000e-01  0.00000000e+00  7.79599109e-10  1.58754743e-09 -2.36714655e-09  6.42344957e-18 
 2.50000000e+01  1.00000000e-01  0.00000000e+00  0.00000000e+00  0.00000000e+00 -2.45618195e-10  2.25491914e-11  2.23069003e-10  8.56662335e-20 
 2.50000000e+01  1.00000000e-01  0.00000000e+00  5.00000000e-02  0.00000000e+00 -5.66852919e-11  3.11197135e-11  2.55655789e-11 -4.29428624e-19 
 2.50000000e+01  1.00000000e-01  0.00000000e+00  1.00000000e-01  0.00000000e+00 -2.25491914e-11  4.50983836e-11 -2.25491914e-11 -8.00440337e-19 
 2.50000000e+01  1.00000000e-01  0.00000000e+00  1.50000000e-01  0.00000000e+00 -1.54392636e-11  6.54171080e-11 -4.99778436e-11 -7.97806451e-19 
 2.50000000e+01  1.00000000e-01  0.00000000e+00  2.00000000e-01  0.00000000e+00 -1.26150571e-11  9.31216155e-11 -8.05065577e-11 -7.91534975e-19 
 2.50000000e+01  1.00000000e-01  0.00000000e+00  2.50000000e-01  0.00000000e+00 -9.93854712e-12  1.29383939e-10 -1.19445391e-10 -7.81649958e-19 
 2.50000000e+01  1.00000000e-01  0.00000000e+00  3.00000000e-01  0.00000000e+00 -6.75920140e-12  1.75515743e-10 -1.68756541e-10 -7.67392399e-19 
 2.50000000e+01  1.00000000e-01  0.00000000e+00  3.50000000e-01  0.00000000e+00 -2.86383251e-12  2.32982803e-10 -2.30118970e-10 -7.47361123e-19 
 2.50000000e+01  1.00000000e-01  0.00000000e+00  4.00000000e-01  0.00000000e+00  1.94278597e-12  3.03420816e-10 -3.05363601e-10 -7.19640012e-19 
 2.50000000e+01  1.00000000e-01  0.00000000e+00  4.50000000e-01  0.00000000e+00  7.88702770e-12  3.88652675e-10 -3.96539702e-10 -6.81700905e-19 
 2.50000000e+01  1.00000000e-01  0.00000000e+00  5.00000000e-01  0.00000000e+00  1.52438177e-11  4.90707354e-10 -5.05951171e-10 -6.30239735e-19 
 2.50000000e+01  1.00000000e-01  0.00000000e+00  5.50000000e-01  0.00000000e+00  2.43508011e-11  6.11840541e-10 -6.36191342e-10 -5.60958751e-19 
 2.50000000e+01  1.00000000e-01  0.00000000e+00  6.00000000e-01  0.00000000e+00  3.56239335e-11  7.54557195e-10 -7.90181128e-10 -4.68286688e-19 
 2.50000000e+01  1.00000000e-01  0.00000000e+00  6.50000000e-01  0.00000000e+00  4.95760517e-11  9.21636166e-10 -9.71212217e-10 -3.45022355e-19 
 2.50000000e+01  1.00000000e-01  0.00000000e+00  7.00000000e-01  0.00000000e+00  6.68395134e-11  1.11615709e-09 -1.18299661e-09 -1.81882526e-19 
 2.50000000e+01  1.00000000e-01  0.00000000e+00  7.50000000e-01  0.00000000e+00  8.81940791e-11  1.34152975e-09 -1.42972383e-09  3.30699889e-20 
 2.50000000e+01  1.00000000e-01  0.00000000e+00  8.00000000e-01  0.00000000e+00  1.14601480e-10  1.60152610e-09 -1.71612758e-09  3.15148026e-19 
 2.50000000e+01  1.50000000e-01  0.00000000e+00  0.00000000e+00  0.00000000e+00 -3.24765179e-10  4.28679158e-11  2.81897263e-10  2.95512684e-19 
 2.50000000e+01  1.50000000e-01  0.00000000e+00  5.00000000e-02  0.00000000e+00 -9.04748169e-11  5.14384378e-11  3.90363794e-11 -4.01145537e-19 
 2.50000000e+01  1.50000000e-01  0.00000000e+00  1.00000000e-01  0.00000000e+00 -4.99778436e-11  6.54171080e-11 -1.54392636e-11 -7.97806451e-19 
 2.50000000e+01  1.50000000e-01  0.00000000e+00  1.50000000e-01  0.00000000e+00 -4.28679157e-11  8.57358326e-11 -4.28679157e-11 -1.15669053e-18 
 2.50000000e+01  1.50000000e-01  0.00000000e+00  2.00000000e-01  0.00000000e+00 -4.14124229e-11  1.13440340e-10 -7.20279161e-11 -1.15577944e-18 
 2.50000000e+01  1.50000000e-01  0.00000000e+00  2.50000000e-01  0.00000000e+00 -4.08312541e-11  1.49702664e-10 -1.08871409e-10 -1.15409965e-18 
 2.50000000e+01  1.50000000e-01  0.00000000e+00  3.00000000e-01  0.00000000e+00 -4.02786013e-11  1.95834468e-10 -1.55555865e-10 -1.15167114e-18 
 2.50000000e+01  1.50000000e-01  0.00000000e+00  3.50000000e-01  0.00000000e+00 -3.96207106e-11  2.53301528e-10 -2.13680816e-10 -1.14833689e-18 
 2.50000000e+01  1.50000000e-01  0.00000000e+00  4.00000000e-01  0.00000000e+00 -3.88131022e-11  3.23739541e-10 -2.84926437e-10 -1.14380409e-18 
 2.50000000e+01  1.50000000e-01  0.00000000e+00  4.50000000e-01  0.00000000e+00 -3.78146712e-11  4.08971400e-10 -3.71156728e-10 -1.13767117e-18 
 2.50000000e+01  1.50000000e-01  0.00000000e+00  5.00000000e-01  0.00000000e+00 -3.65775455e-11  5.11026078e-10 -4.74448532e-10 -1.12940697e-18 
 2.50000000e+01  1.50000000e-01  0.00000000e+00  5.50000000e-01  0.00000000e+00 -3.50433985e-11  6.32159266e-10 -5.97115866e-10 -1.11831543e-18 
 2.50000000e+01  1.50000000e-01  0.00000000e+00  6.00000000e-01  0.00000000e+00 -3.31403845e-11  7.74875920e-10 -7.41735534e-10 -1.10348865e-18 
 2.50000000e+01  1.50000000e-01  0.00000000e+00  6.50000000e-01  0.00000000e+00 -3.07797288e-11  9.41954891e-10 -9.11175161e-10 -1.08374628e-18 
 2.50000000e+01  1.50000000e-01  0.00000000e+00  7.00000000e-01  0.00000000e+00 -2.78516403e-11  1.13647582e-09 -1.10862418e-09 -1.05755801e-18 
 2.50000000e+01  1.50000000e-01  0.00000000e+00  7.50000000e-01  0.00000000e+00 -2.42203002e-11  1.36184848e-09 -1.33762818e-09 -1.02294478e-18 
 2.50000000e+01  1.50000000e-01  0.00000000e+00  8.00000000e-01  0.00000000e+00 -1.97176593e-11  1.62184483e-09 -1.60212717e-09 -9.77353260e-19 
 2.50000000e+01  2.00000000e-01  0.00000000e+00  0.00000000e+00  0.00000000e+00 -4.21882775e-10  7.05724233e-11  3.51310351e-10  6.00458125e-19 
 2.50000000e+01  2.00000000e-01  0.00000000e+00  5.00000000e-02  0.00000000e+00 -1.30890721e-10  7.91429454e-11  5.17477762e-11 -3.55796288e-19 
 2.50000000e+01  2.00000000e-01  0.00000000e+00  1.00000000e-01  0.00000000e+00 -8.05065577e-11  9.31216155e-11 -1.26150571e-11 -7.91534975e-19 
 2.50000000e+01  2.00000000e-01  0.00000000e+00  1.50000000e-01  0.00000000e+00 -7.20279161e-11  1.13440340e-10 -4.14124229e-11 -1.15577944e-18 
 2.50000000e+01  2.00000000e-01  0.00000000e+00  2.00000000e-01  0.00000000e+00 -7.05724232e-11  1.41144848e-10 -7.05724232e-11 -1.48623024e-18 
 2.50000000e+01  2.00000000e-01  0.00000000e+00  2.50000000e-01  0.00000000e+00 -7.02787242e-11  1.77407172e-10 -1.07128446e-10 -1.48565074e-18 
 2.50000000e+01  2.00000000e-01  0.00000000e+00  3.00000000e-01  0.00000000e+00 -7.01609371e-11  2.23538975e-10 -1.53378037e-10 -1.48491278e-18 
 2.50000000e+01  2.00000000e-01  0.00000000e+00  3.50000000e-01  0.00000000e+00 -7.00486047e-11  2.81006035e-10 -2.10957429e-10 -1.48402229e-18 
 2.50000000e+01  2.00000000e-01  0.00000000e+00  4.00000000e-01  0.00000000e+00 -6.99146419e-11  3.51444048e-10 -2.81529405e-10 -1.48294721e-18 
 2.50000000e+01  2.00000000e-01  0.00000000e+00  4.50000000e-01  0.00000000e+00 -6.97499326e-11  4.36675908e-10 -3.66925974e-10 -1.48162742e-18 
 2.50000000e+01  2.00000000e-01  0.00000000e+00  5.00000000e-01  0.00000000e+00 -6.95459907e-11  5.38730586e-10 -4.69184594e-10 -1.47998031e-18 
 2.50000000e+01  2.00000000e-01  0.00000000e+00  5.50000000e-01  0.00000000e+00 -6.92928996e-11  6.59863774e-10 -5.90570873e-10 -1.47789639e-18 
 2.50000000e+01  2.00000000e-01  0.00000000e+00  6.00000000e-01  0.00000000e+00 -6.89785482e-11  8.02580427e-10 -7.33601878e-10 -1.47523189e-18 
 2.50000000e+01  2.00000000e-01  0.00000000e+00  6.50000000e-01  0.00000000e+00 -6.85879851e-11  9.69659398e-10 -9.01071412e-10 -1.47179890e-18 
 2.50000000e+01  2.00000000e-01  0.00000000e+00  7.00000000e-01  0.00000000e+00 -6.81026963e-11  1.16418033e-09 -1.09607763e-09 -1.46735260e-18 
 2.50000000e+01  2.00000000e-01  0.00000000e+00  7.50000000e-01  0.00000000e+00 -6.74997337e-11  1.38955299e-09 -1.32205325e-09 -1.46157484e-18 
 2.50000000e+01  2.00000000e-01  0.00000000e+00  8.00000000e-01  0.00000000e+00 -6.67506438e-11  1.64954933e-09 -1.58279869e-09 -1.45405327e-18 
 2.50000000e+01  2.50000000e-01  0.00000000e+00  0.00000000e+00  0.00000000e+00 -5.42666659e-10  1.06834747e-10  4.35831911e-10  1.03015285e-18 
 2.50000000e+01  2.50000000e-01  0.00000000e+00  5.00000000e-02  0.00000000e+00 -1.82210605e-10  1.15405269e-10  6.68053358e-11 -2.89769373e-19 
 2.50000000e+01  2.50000000e-01  0.00000000e+00  1.00000000e-01  0.00000000e+00 -1.19445391e-10  1.29383939e-10 -9.93854712e-12 -7.81649958e-19 
 2.50000000e+01  2.50000000e-01  0.00000000e+00  1.50000000e-01  0.00000000e+00 -1.08871409e-10  1.49702664e-10 -4.08312541e-11 -1.15409965e-18 
 2.50000000e+01  2.50000000e-01  0.00000000e+00  2.00000000e-01  0.00000000e+00 -1.07128446e-10  1.77407172e-10 -7.02787242e-11 -1.48565074e-18 
 2.50000000e+01  2.50000000e-01  0.00000000e+00  2.50000000e-01  0.00000000e+00 -1.06834747e-10  2.13669496e-10 -1.06834747e-10 -1.78796446e-18 
 2.50000000e+01  2.50000000e-01  0.00000000e+00  3.00000000e-01  0.00000000e+00 -1.06776221e-10  2.59801299e-10 -1.53025077e-10 -1.78744903e-18 
 2.50000000e+01  2.50000000e-01  0.00000000e+00  3.50000000e-01  0.00000000e+00 -1.06752659e-10  3.17268359e-10 -2.10515699e-10 -1.78690153e-18 
 2.50000000e+01  2.50000000e-01  0.00000000e+00  4.00000000e-01  0.00000000e+00 -1.06730129e-10  3.87706372e-10 -2.80976241e-10 -1.78632338e-18 
 2.50000000e+01  2.50000000e-01  0.00000000e+00  4.50000000e-01  0.00000000e+00 -1.06703219e-10  4.72938232e-10 -3.66235011e-10 -1.78570811e-18 
 2.50000000e+01  2.50000000e-01  0.00000000e+00  5.00000000e-01  0.00000000e+00 -1.06670087e-10  5.74992910e-10 -4.68322821e-10 -1.78504355e-18 
 2.50000000e+01  2.50000000e-01  0.00000000e+00  5.50000000e-01  0.00000000e+00 -1.06629009e-10  6.96126098e-10 -5.89497087e-10 -1.78431295e-18 
 2.50000000e+01  2.50000000e-01  0.00000000e+00  6.00000000e-01  0.00000000e+00 -1.06577963e-10  8.38842751e-10 -7.32264787e-10 -1.78349409e-18 
 2.50000000e+01  2.50000000e-01  0.00000000e+00  6.50000000e-01  0.00000000e+00 -1.06514475e-10  1.00592172e-09 -8.99407245e-10 -1.78255772e-18 
 2.50000000e+01  2.50000000e-01  0.00000000e+00  7.00000000e-01  0.00000000e+00 -1.06435488e-10  1.20044265e-09 -1.09400716e-09 -1.78146559e-18 
 2.50000000e+01  2.50000000e-01  0.00000000e+00  7.50000000e-01  0.00000000e+00 -1.06337208e-10  1.42581531e-09 -1.31947810e-09 -1.78016771e-18 
 2.50000000e+01  2.50000000e-01  0.00000000e+00  8.00000000e-01  0.00000000e+00 -1.06214922e-10  1.68581166e-09 -1.57959673e-09 -1.77859908e-18 
 2.50000000e+01  3.00000000e-01  0.00000000e+00  0.00000000e+00  0.00000000e+00 -6.92444076e-10  1.52966551e-10  5.39477524e-10  1.62469521e-18 
 2.50000000e+01  3.00000000e-01  0.00000000e+00  5.00000000e-02  0.00000000e+00 -2.46744321e-10  1.61537073e-10  8.52072489e-11 -1.96513365e-19 
 2.50000000e+01  3.00000000e-01  0.00000000e+00  1.00000000e-01  0.00000000e+00 -1.68756541e-10  1.75515743e-10 -6.75920140e-12 -7.67392399e-19 
 2.50000000e+01  3.00000000e-01  0.00000000e+00  1.50000000e-01  0.00000000e+00 -1.55555865e-10  1.95834468e-10 -4.02786013e-11 -1.15167114e-18 
 2.50000000e+01  3.00000000e-01  0.00000000e+00  2.00000000e-01  0.00000000e+00 -1.53378037e-10  2.23538975e-10 -7.01609371e-11 -1.48491278e-18 
 2.50000000e+01  3.00000000e-01  0.00000000e+00  2.50000000e-01  0.00000000e+00 -1.53025077e-10  2.59801299e-10 -1.06776221e-10 -1.78744903e-18 
 2.50000000e+01  3.00000000e-01  0.00000000e+00  3.00000000e-01  0.00000000e+00 -1.52966551e-10  3.05933103e-10 -1.52966551e-10 -2.06534383e-18 
 2.50000000e+01  3.00000000e-01  0.00000000e+00  3.50000000e-01  0.00000000e+00 -1.52955018e-10  3.63400163e-10 -2.10445143e-10 -2.06484077e-18 
 2.50000000e+01  3.00000000e-01  0.00000000e+00  4.00000000e-01  0.00000000e+00 -1.52950359e-10  4.33838176e-10 -2.80887815e-10 -2.06433130e-18 
 2.50000000e+01  3.00000000e-01  0.00000000e+00  4.50000000e-01  0.00000000e+00 -1.52945894e-10  5.19070036e-10 -3.66124140e-10 -2.06381573e-18 
 2.50000000e+01  3.00000000e-01  0.00000000e+00  5.00000000e-01  0.00000000e+00 -1.52940552e-10  6.21124714e-10 -4.68184160e-10 -2.06329276e-18 
 2.50000000e+01  3.00000000e-01  0.00000000e+00  5.50000000e-01  0.00000000e+00 -1.52933968e-10  7.42257902e-10 -5.89323932e-10 -2.06275996e-18 
 2.50000000e+01  3.00000000e-01  0.00000000e+00  6.00000000e-01  0.00000000e+00 -1.52925794e-10  8.84974555e-10 -7.32048759e-10 -2.06221398e-18 
 2.50000000e+01  3.00000000e-01  0.00000000e+00  6.50000000e-01  0.00000000e+00 -1.52915625e-10  1.05205353e-09 -8.99137899e-10 -2.06165035e-18 
 2.50000000e+01  3.00000000e-01  0.00000000e+00  7.00000000e-01  0.00000000e+00 -1.52902962e-10  1.24657445e-09 -1.09367149e-09 -2.06106321e-18 
 2.50000000e+01  3.00000000e-01  0.00000000e+00  7.50000000e-01  0.00000000e+00 -1.52887188e-10  1.47194711e-09 -1.31905992e-09 -2.06044485e-18 
 2.50000000e+01  3.00000000e-01  0.00000000e+00  8.00000000e-01  0.00000000e+00 -1.52867537e-10  1.73194346e-09 -1.57907592e-09 -2.05978523e-18 
 2.50000000e+01  3.50000000e-01  0.00000000e+00  0.00000000e+00  0.00000000e+00 -8.77263677e-10  2.10433611e-10  6.66830064e-10  2.43650273e-18 
 2.50000000e+01  3.50000000e-01  0.00000000e+00  5.00000000e-02  0.00000000e+00 -3.26860438e-10  2.19004133e-10  1.07856305e-10 -6.71074975e-20 
 2.50000000e+01  3.50000000e-01  0.00000000e+00  1.00000000e-01  0.00000000e+00 -2.30118970e-10  2.32982803e-10 -2.86383251e-12 -7.47361123e-19 
 2.50000000e+01  3.50000000e-01  0.00000000e+00  1.50000000e-01  0.00000000e+00 -2.13680816e-10  2.53301528e-10 -3.96207106e-11 -1.14833689e-18 
 2.50000000e+01  3.50000000e-01  0.00000000e+00  2.00000000e-01  0.00000000e+00 -2.10957429e-10  2.81006035e-10 -7.00486047e-11 -1.48402229e-18 
 2.50000000e+01  3.50000000e-01  0.00000000e+00  2.50000000e-01  0.00000000e+00 -2.10515699e-10  3.17268359e-10 -1.06752659e-10 -1.78690153e-18 
 2.50000000e+01  3.50000000e-01  0.00000000e+00  3.00000000e-01  0.00000000e+00 -2.10445143e-10  3.63400163e-10 -1.52955018e-10 -2.06484077e-18 
 2.50000000e+01  3.50000000e-01  0.00000000e+00  3.50000000e-01  0.00000000e+00 -2.10433611e-10  4.20867224e-10 -2.10433611e-10 -2.32132117e-18 
 2.50000000e+01  3.50000000e-01  0.00000000e+00  4.00000000e-01  0.00000000e+00 -2.10431361e-10  4.91305237e-10 -2.80873873e-10 -2.32082048e-18 
 2.50000000e+01  3.50000000e-01  0.00000000e+00  4.50000000e-01  0.00000000e+00 -2.10430450e-10  5.76537096e-10 -3.66106644e-10 -2.32031850e-18 
 2.50000000e+01  3.50000000e-01  0.00000000e+00  5.00000000e-01  0.00000000e+00 -2.10429574e-10  6.78591774e-10 -4.68162198e-10 -2.31981530e-18 
 2.50000000e+01  3.50000000e-01  0.00000000e+00  5.50000000e-01  0.00000000e+00 -2.10428525e-10  7.99724962e-10 -5.89296435e-10 -2.31931062e-18 
 2.50000000e+01  3.50000000e-01  0.00000000e+00  6.00000000e-01  0.00000000e+00 -2.10427231e-10  9.42441616e-10 -7.32014383e-10 -2.31880397e-18 
 2.50000000e+01  3.50000000e-01  0.00000000e+00  6.50000000e-01  0.00000000e+00 -2.10425622e-10  1.10952059e-09 -8.99094962e-10 -2.31829469e-18 
 2.50000000e+01  3.50000000e-01  0.00000000e+00  7.00000000e-01  0.00000000e+00 -2.10423618e-10  1.30404151e-09 -1.09361789e-09 -2.31778188e-18 
 2.50000000e+01  3.50000000e-01  0.00000000e+00  7.50000000e-01  0.00000000e+00 -2.10421120e-10  1.52941417e-09 -1.31899305e-09 -2.31726439e-18 
 2.50000000e+01  3.50000000e-01  0.00000000e+00  8.00000000e-01  0.00000000e+00 -2.10418005e-10  1.78941052e-09 -1.57899251e-09 -2.31674067e-18 
 2.50000000e+01  4.00000000e-01  0.00000000e+00  0.00000000e+00  0.00000000e+00 -1.10426005e-09  2.80871624e-10  8.23388419e-10  3.53341587e-18 
 2.50000000e+01  4.00000000e-01  0.00000000e+00  5.00000000e-02  0.00000000e+00 -4.25234969e-10  2.89442146e-10  1.35792823e-10  1.10175597e-19 
 2.50000000e+01  4.00000000e-01  0.00000000e+00  1.00000000e-01  0.00000000e+00 -3.05363601e-10  3.03420816e-10  1.94278597e-12 -7.19640012e-19 
 2.50000000e+01  4.00000000e-01  0.00000000e+00  1.50000000e-01  0.00000000e+00 -2.84926437e-10  3.23739541e-10 -3.88131022e-11 -1.14380409e-18 
 2.50000000e+01  4.00000000e-01  0.00000000e+00  2.00000000e-01  0.00000000e+00 -2.81529405e-10  3.51444048e-10 -6.99146419e-11 -1.48294721e-18 
 2.50000000e+01  4.00000000e-01  0.00000000e+00  2.50000000e-01  0.00000000e+00 -2.80976241e-10  3.87706372e-10 -1.06730129e-10 -1.78632338e-18 
 2.50000000e+01  4.00000000e-01  0.00000000e+00  3.00000000e-01  0.00000000e+00 -2.80887815e-10  4.33838176e-10 -1.52950359e-10 -2.06433130e-18 
 2.50000000e+01  4.00000000e-01  0.00000000e+00  3.50000000e-01  0.00000000e+00 -2.80873873e-10  4.91305237e-10 -2.10431361e-10 -2.32082048e-18 
 2.50000000e+01  4.00000000e-01  0.00000000e+00  4.00000000e-01  0.00000000e+00 -2.80871624e-10  5.61743250e-10 -2.80871624e-10 -2.55839881e-18 
 2.50000000e+01  4.00000000e-01  0.00000000e+00  4.50000000e-01  0.00000000e+00 -2.80871189e-10  6.46975109e-10 -3.66103918e-10 -2.55789855e-18 
 2.50000000e+01  4.00000000e-01  0.00000000e+00  5.00000000e-01  0.00000000e+00 -2.80871012e-10  7.49029788e-10 -4.68158773e-10 -2.55739801e-18 
 2.50000000e+01  4.00000000e-01  0.00000000e+00  5.50000000e-01  0.00000000e+00 -2.80870842e-10  8.70162975e-10 -5.89292130e-10 -2.55689721e-18 
 2.50000000e+01  4.00000000e-01  0.00000000e+00  6.00000000e-01  0.00000000e+00 -2.80870638e-10  1.01287963e-09 -7.32008988e-10 -2.55639608e-18 
 2.50000000e+01  4.00000000e-01  0.00000000e+00  6.50000000e-01  0.00000000e+00 -2.80870386e-10  1.17995860e-09 -8.99088211e-10 -2.55589454e-18 
 2.50000000e+01  4.00000000e-01  0.00000000e+00  7.00000000e-01  0.00000000e+00 -2.80870073e-10  1.37447953e-09 -1.09360945e-09 -2.55539244e-18 
 2.50000000e+01  4.00000000e-01  0.00000000e+00  7.50000000e-01  0.00000000e+00 -2.80869682e-10  1.59985219e-09 -1.31898250e-09 -2.55488961e-18 
 2.50000000e+01  4.00000000e-01  0.00000000e+00  8.00000000e-01  0.00000000e+00 -2.80869194e-10  1.85984853e-09 -1.57897934e-09 -2.55438580e-18 
 2.50000000e+01  4.50000000e-01  0.00000000e+00  0.00000000e+00  0.00000000e+00 -1.38193238e-09  3.66103483e-10  1.01582889e-09  5.00276881e-18 
 2.50000000e+01  4.50000000e-01  0.00000000e+00  5.00000000e-02  0.00000000e+00 -5.44948331e-10  3.74674005e-10  1.70274326e-10  3.50603995e-19 
 2.50000000e+01  4.50000000e-01  0.00000000e+00  1.00000000e-01  0.00000000e+00 -3.96539702e-10  3.88652675e-10  7.88702770e-12 -6.81700905e-19 
 2.50000000e+01  4.50000000e-01  0.00000000e+00  1.50000000e-01  0.00000000e+00 -3.71156728e-10  4.08971400e-10 -3.78146712e-11 -1.13767117e-18 
 2.50000000e+01  4.50000000e-01  0.00000000e+00  2.00000000e-01  0.00000000e+00 -3.66925974e-10  4.36675908e-10 -6.97499326e-11 -1.48162742e-18 
 2.50000000e+01  4.50000000e-01  0.00000000e+00  2.50000000e-01  0.00000000e+00 -3.66235011e-10  4.72938232e-10 -1.06703219e-10 -1.78570811e-18 
 2.50000000e+01  4.50000000e-01  0.00000000e+00  3.00000000e-01  0.00000000e+00 -3.66124140e-10  5.19070036e-10 -1.52945894e-10 -2.06381573e-18 
 2.50000000e+01  4.50000000e-01  0.00000000e+00  3.50000000e-01  0.00000000e+00 -3.66106644e-10  5.76537096e-10 -2.10430450e-10 -2.32031850e-18 
 2.50000000e+01  4.50000000e-01  0.00000000e+00  4.00000000e-01  0.00000000e+00 -3.66103918e-10  6.46975109e-10 -2.80871189e-10 -2.55789855e-18 
 2.50000000e+01  4.50000000e-01  0.00000000e+00  4.50000000e-01  0.00000000e+00 -3.66103483e-10  7.32206969e-10 -3.66103483e-10 -2.77870569e-18 
 2.50000000e+01  4.50000000e-01  0.00000000e+00  5.00000000e-01  0.00000000e+00 -3.66103400e-10  8.34261647e-10 -4.68158245e-10 -2.77820548e-18 
 2.50000000e+01  4.50000000e-01  0.00000000e+00  5.50000000e-01  0.00000000e+00 -3.66103366e-10  9.55394835e-10 -5.89291466e-10 -2.77770519e-18 
 2.50000000e+01  4.50000000e-01  0.00000000e+00  6.00000000e-01  0.00000000e+00 -3.66103333e-10  1.09811149e-09 -7.32008152e-10 -2.77720482e-18 
 2.50000000e+01  4.50000000e-01  0.00000000e+00  6.50000000e-01  0.00000000e+00 -3.66103294e-10  1.26519046e-09 -8.99087163e-10 -2.77670435e-18 
 2.50000000e+01  4.50000000e-01  0.00000000e+00  7.00000000e-01  0.00000000e+00 -3.66103245e-10  1.45971139e-09 -1.09360814e-09 -2.77620376e-18 
 2.50000000e+01  4.50000000e-01  0.00000000e+00  7.50000000e-01  0.00000000e+00 -3.66103184e-10  1.68508405e-09 -1.31898086e-09 -2.77570302e-18 
 2.50000000e+01  4.50000000e-01  0.00000000e+00  8.00000000e-01  0.00000000e+00 -3.66103109e-10  1.94508039e-09 -1.57897728e-09 -2.77520208e-18 
 2.50000000e+01  5.00000000e-01  0.00000000e+00  0.00000000e+00  0.00000000e+00 -1.72043835e-09  4.68158162e-10  1.25228018e-09  6.95653850e-18 
 2.50000000e+01  5.00000000e-01  0.00000000e+00  5.00000000e-02  0.00000000e+00 -6.89567078e-10  4.76728684e-10  2.12838394e-10  6.73957390e-19 
 2.50000000e+01  5.00000000e-01  0.00000000e+00  1.00000000e-01  0.00000000e+00 -5.05951171e-10  4.90707354e-10  1.52438177e-11 -6.30239735e-19 
 2.50000000e+01  5.00000000e-01  0.00000000e+00  1.50000000e-01  0.00000000e+00 -4.74448532e-10  5.11026078e-10 -3.65775455e-11 -1.12940697e-18 
 2.50000000e+01  5.00000000e-01  0.00000000e+00  2.00000000e-01  0.00000000e+00 -4.69184594e-10  5.38730586e-10 -6.95459907e-11 -1.47998031e-18 
 2.50000000e+01  5.00000000e-01  0.00000000e+00  2.50000000e-01  0.00000000e+00 -4.68322821e-10  5.74992910e-10 -1.06670087e-10 -1.78504355e-18 
 2.50000000e+01  5.00000000e-01  0.00000000e+00  3.00000000e-01  0.00000000e+00 -4.68184160e-10  6.21124714e-10 -1.52940552e-10 -2.06329276e-18 
 2.50000000e+01  5.00000000e-01  0.00000000e+00  3.50000000e-01  0.00000000e+00 -4.68162198e-10  6.78591774e-10 -2.10429574e-10 -2.31981530e-18 
 2.50000000e+01  5.00000000e-01  0.00000000e+00  4.00000000e-01  0.00000000e+00 -4.68158773e-10  7.49029788e-10 -2.80871012e-10 -2.55739801e-18 
 2.50000000e+01  5.00000000e-01  0.00000000e+00  4.50000000e-01  0.00000000e+00 -4.68158245e-10  8.34261647e-10 -3.66103400e-10 -2.77820548e-18 
 2.50000000e+01  5.00000000e-01  0.00000000e+00  5.00000000e-01  0.00000000e+00 -4.68158161e-10  9.36316325e-10 -4.68158161e-10 -2.98406365e-18 
 2.50000000e+01  5.00000000e-01  0.00000000e+00  5.50000000e-01  0.00000000e+00 -4.68158145e-10  1.05744951e-09 -5.89291365e-10 -2.98356342e-18 
 2.50000000e+01  5.00000000e-01  0.00000000e+00  6.00000000e-01  0.00000000e+00 -4.68158139e-10  1.20016617e-09 -7.32008025e-10 -2.98306315e-18 
 2.50000000e+01  5.00000000e-01  0.00000000e+00  6.50000000e-01  0.00000000e+00 -4.68158132e-10  1.36724514e-09 -8.99087002e-10 -2.98256283e-18 
 2.50000000e+01  5.00000000e-01  0.00000000e+00  7.00000000e-01  0.00000000e+00 -4.68158125e-10  1.56176606e-09 -1.09360794e-09 -2.98206244e-18 
 2.50000000e+01  5.00000000e-01  0.00000000e+00  7.50000000e-01  0.00000000e+00 -4.68158115e-10  1.78713873e-09 -1.31898061e-09 -2.98156199e-18 
 2.50000000e+01  5.00000000e-01  0.00000000e+00  8.00000000e-01  0.00000000e+00 -4.68158104e-10  2.04713507e-09 -1.57897697e-09 -2.98106145e-18 
 2.50000000e+01  5.50000000e-01  0.00000000e+00  0.00000000e+00  0.00000000e+00 -2.13193287e-09  5.89291349e-10  1.54264151e-09  9.53778640e-18 
 2.50000000e+01  5.50000000e-01  0.00000000e+00  5.00000000e-02  0.00000000e+00 -8.63232553e-10  5.97861871e-10  2.65370681e-10  1.10576730e-18 
 2.50000000e+01  5.50000000e-01  0.00000000e+00  1.00000000e-01  0.00000000e+00 -6.36191342e-10  6.11840541e-10  2.43508011e-11 -5.60958751e-19 
 2.50000000e+01  5.50000000e-01  0.00000000e+00  1.50000000e-01  0.00000000e+00 -5.97115866e-10  6.32159266e-10 -3.50433985e-11 -1.11831543e-18 
 2.50000000e+01  5.50000000e-01  0.00000000e+00  2.00000000e-01  0.00000000e+00 -5.90570873e-10  6.59863774e-10 -6.92928996e-11 -1.47789639e-18 
 2.50000000e+01  5.50000000e-01  0.00000000e+00  2.50000000e-01  0.00000000e+00 -5.89497087e-10  6.96126098e-10 -1.06629009e-10 -1.78431295e-18 
 2.50000000e+01  5.50000000e-01  0.00000000e+00  3.00000000e-01  0.00000000e+00 -5.89323932e-10  7.42257902e-10 -1.52933968e-10 -2.06275996e-18 
 2.50000000e+01  5.50000000e-01  0.00000000e+00  3.50000000e-01  0.00000000e+00 -5.89296435e-10  7.99724962e-10 -2.10428525e-10 -2.31931062e-18 
 2.50000000e+01  5.50000000e-01  0.00000000e+00  4.00000000e-01  0.00000000e+00 -5.89292130e-10  8.70162975e-10 -2.80870842e-10 -2.55689721e-18 
 2.50000000e+01  5.50000000e-01  0.00000000e+00  4.50000000e-01  0.00000000e+00 -5.89291466e-10  9.55394835e-10 -3.66103366e-10 -2.77770519e-18 
 2.50000000e+01  5.50000000e-01  0.00000000e+00  5.00000000e-01  0.00000000e+00 -5.89291365e-10  1.05744951e-09 -4.68158145e-10 -2.98356342e-18 
 2.50000000e+01  5.50000000e-01  0.00000000e+00  5.50000000e-01  0.00000000e+00 -5.89291349e-10  1.17858270e-09 -5.89291349e-10 -3.17604075e-18 
 2.50000000e+01  5.50000000e-01  0.00000000e+00  6.00000000e-01  0.00000000e+00 -5.89291346e-10  1.32129935e-09 -7.32008005e-10 -3.17554049e-18 
 2.50000000e+01  5.50000000e-01  0.00000000e+00  6.50000000e-01  0.00000000e+00 -5.89291344e-10  1.48837833e-09 -8.99086977e-10 -3.17504018e-18 
 2.50000000e+01  5.50000000e-01  0.00000000e+00  7.00000000e-01  0.00000000e+00 -5.89291343e-10  1.68289925e-09 -1.09360791e-09 -3.17453983e-18 
 2.50000000e+01  5.50000000e-01  0.00000000e+00  7.50000000e-01  0.00000000e+00 -5.89291342e-10  1.90827191e-09 -1.31898057e-09 -3.17403941e-18 
 2.50000000e+01  5.50000000e-01  0.00000000e+00  8.00000000e-01  0.00000000e+00 -5.89291340e-10  2.16826826e-09 -1.57897692e-09 -3.17353893e-18 
 2.50000000e+01  6.00000000e-01  0.00000000e+00  0.00000000e+00  0.00000000e+00 -2.63096921e-09  7.32008003e-10  1.89896119e-09  1.29286722e-17 
 2.50000000e+01  6.00000000e-01  0.00000000e+00  5.00000000e-02  0.00000000e+00 -1.07076360e-09  7.40578525e-10  3.30185068e-10  1.67888606e-18 
 2.50000000e+01  6.00000000e-01  0.00000000e+00  1.00000000e-01  0.00000000e+00 -7.90181128e-10  7.54557195e-10  3.56239335e-11 -4.68286688e-19 
 2.50000000e+01  6.00000000e-01  0.00000000e+00  1.50000000e-01  0.00000000e+00 -7.41735534e-10  7.74875920e-10 -3.31403845e-11 -1.10348865e-18 
 2.50000000e+01  6.00000000e-01  0.00000000e+00  2.00000000e-01  0.00000000e+00 -7.33601878e-10  8.02580427e-10 -6.89785482e-11 -1.47523189e-18 
 2.50000000e+01  6.00000000e-01  0.00000000e+00  2.50000000e-01  0.00000000e+00 -7.32264787e-10  8.38842751e-10 -1.06577963e-10 -1.78349409e-18 
 2.50000000e+01  6.00000000e-01  0.00000000e+00  3.00000000e-01  0.00000000e+00 -7.32048759e-10  8.84974555e-10 -1.52925794e-10 -2.06221398e-18 
 2.50000000e+01  6.00000000e-01  0.00000000e+00  3.50000000e-01  0.00000000e+00 -7.32014383e-10  9.42441616e-10 -2.10427231e-10 -2.31880397e-18 
 2.50000000e+01  6.00000000e-01  0.00000000e+00  4.00000000e-01  0.00000000e+00 -7.32008988e-10  1.01287963e-09 -2.80870638e-10 -2.55639608e-18 
 2.50000000e+01  6.00000000e-01  0.00000000e+00  4.50000000e-01  0.00000000e+00 -7.32008152e-10  1.09811149e-09 -3.66103333e-10 -2.77720482e-18 
 2.50000000e+01  6.00000000e-01  0.00000000e+00  5.00000000e-01  0.00000000e+00 -7.32008025e-10  1.20016617e-09 -4.68158139e-10 -2.98306315e-18 
 2.50000000e+01  6.00000000e-01  0.00000000e+00  5.50000000e-01  0.00000000e+00 -7.32008005e-10  1.32129935e-09 -5.89291346e-10 -3.17554049e-18 
 2.50000000e+01  6.00000000e-01  0.00000000e+00  6.00000000e-01  0.00000000e+00 -7.32008002e-10  1.46401601e-09 -7.32008002e-10 -3.35599393e-18 
 2.50000000e+01  6.00000000e-01  0.00000000e+00  6.50000000e-01  0.00000000e+00 -7.32008002e-10  1.63109498e-09 -8.99086974e-10 -3.35549362e-18 
 2.50000000e+01  6.00000000e-01  0.00000000e+00  7.00000000e-01  0.00000000e+00 -7.32008001e-10  1.82561591e-09 -1.09360790e-09 -3.35499327e-18 
 2.50000000e+01  6.00000000e-01  0.00000000e+00  7.50000000e-01  0.00000000e+00 -7.32008001e-10  2.05098857e-09 -1.31898056e-09 -3.35449286e-18 
 2.50000000e+01  6.00000000e-01  0.00000000e+00  8.00000000e-01  0.00000000e+00 -7.32008000e-10  2.31098491e-09 -1.57897691e-09 -3.35399239e-18 
 2.50000000e+01  6.50000000e-01  0.00000000e+00  0.00000000e+00  0.00000000e+00 -3.23497929e-09  8.99086974e-10  2.33589230e-09  1.73603792e-17 
 2.50000000e+01  6.50000000e-01  0.00000000e+00  5.00000000e-02  0.00000000e+00 -1.31777800e-09  9.07657496e-10  4.10120502e-10  2.43546257e-18 
 2.50000000e+01  6.50000000e-01  0.00000000e+00  1.00000000e-01  0.00000000e+00 -9.71212217e-10  9.21636166e-10  4.95760517e-11 -3.45022355e-19 
 2.50000000e+01  6.50000000e-01  0.00000000e+00  1.50000000e-01  0.00000000e+00 -9.11175161e-10  9.41954891e-10 -3.07797288e-11 -1.08374628e-18 
 2.50000000e+01  6.50000000e-01  0.00000000e+00  2.00000000e-01  0.00000000e+00 -9.01071412e-10  9.69659398e-10 -6.85879851e-11 -1.47179890e-18 
 2.50000000e+01  6.50000000e-01  0.00000000e+00  2.50000000e-01  0.00000000e+00 -8.99407245e-10  1.00592172e-09 -1.06514475e-10 -1.78255772e-18 
 2.50000000e+01  6.50000000e-01  0.00000000e+00  3.00000000e-01  0.00000000e+00 -8.99137899e-10  1.05205353e-09 -1.52915625e-10 -2.06165035e-18 
 2.50000000e+01  6.50000000e-01  0.00000000e+00  3.50000000e-01  0.00000000e+00 -8.99094962e-10  1.10952059e-09 -2.10425622e-10 -2.31829469e-18 
 2.50000000e+01  6.50000000e-01  0.00000000e+00  4.00000000e-01  0.00000000e+00 -8.99088211e-10  1.17995860e-09 -2.80870386e-10 -2.55589454e-18 
 2.50000000e+01  6.50000000e-01  0.00000000e+00  4.50000000e-01  0.00000000e+00 -8.99087163e-10  1.26519046e-09 -3.66103294e-10 -2.77670435e-18 
 2.50000000e+01  6.50000000e-01  0.00000000e+00  5.00000000e-01  0.00000000e+00 -8.99087002e-10  1.36724514e-09 -4.68158132e-10 -2.98256283e-18 
 2.50000000e+01  6.50000000e-01  0.00000000e+00  5.50000000e-01  0.00000000e+00 -8.99086977e-10  1.48837833e-09 -5.89291344e-10 -3.17504018e-18 
 2.50000000e+01  6.50000000e-01  0.00000000e+00  6.00000000e-01  0.00000000e+00 -8.99086974e-10  1.63109498e-09 -7.32008002e-10 -3.35549362e-18 
 2.50000000e+01  6.50000000e-01  0.00000000e+00  6.50000000e-01  0.00000000e+00 -8.99086973e-10  1.79817395e-09 -8.99086973e-10 -3.52510338e-18 
 2.50000000e+01  6.50000000e-01  0.00000000e+00  7.00000000e-01  0.00000000e+00 -8.99086973e-10  1.99269488e-09 -1.09360790e-09 -3.52460303e-18 
 2.50000000e+01  6.50000000e-01  0.00000000e+00  7.50000000e-01  0.00000000e+00 -8.99086973e-10  2.21806754e-09 -1.31898056e-09 -3.52410262e-18 
 2.50000000e+01  6.50000000e-01  0.00000000e+00  8.00000000e-01  0.00000000e+00 -8.99086972e-10  2.47806388e-09 -1.57897691e-09 -3.52360215e-18 
 2.50000000e+01  7.00000000e-01  0.00000000e+00  0.00000000e+00  0.00000000e+00 -3.96485331e-09  1.09360790e-09  2.87124539e-09  2.31253558e-17 
 2.50000000e+01  7.00000000e-01  0.00000000e+00  5.00000000e-02  0.00000000e+00 -1.61083767e-09  1.10217842e-09  5.08659247e-10  3.42942187e-18 
 2.50000000e+01  7.00000000e-01  0.00000000e+00  1.00000000e-01  0.00000000e+00 -1.18299661e-09  1.11615709e-09  6.68395134e-11 -1.81882526e-19 
 2.50000000e+01  7.00000000e-01  0.00000000e+00  1.50000000e-01  0.00000000e+00 -1.10862418e-09  1.13647582e-09 -2.78516403e-11 -1.05755801e-18 
 2.50000000e+01  7.00000000e-01  0.00000000e+00  2.00000000e-01  0.00000000e+00 -1.09607763e-09  1.16418033e-09 -6.81026963e-11 -1.46735260e-18 
 2.50000000e+01  7.00000000e-01  0.00000000e+00  2.50000000e-01  0.00000000e+00 -1.09400716e-09  1.20044265e-09 -1.06435488e-10 -1.78146559e-18 
 2.50000000e+01  7.00000000e-01  0.00000000e+00  3.00000000e-01  0.00000000e+00 -1.09367149e-09  1.24657445e-09 -1.52902962e-10 -2.06106321e-18 
 2.50000000e+01  7.00000000e-01  0.00000000e+00  3.50000000e-01  0.00000000e+00 -1.09361789e-09  1.30404151e-09 -2.10423618e-10 -2.31778188e-18 
 2.50000000e+01  7.00000000e-01  0.00000000e+00  4.00000000e-01  0.00000000e+00 -1.09360945e-09  1.37447953e-09 -2.80870073e-10 -2.55539244e-18 
 2.50000000e+01  7.00000000e-01  0.00000000e+00  4.50000000e-01  0.00000000e+00 -1.09360814e-09  1.45971139e-09 -3.66103245e-10 -2.77620376e-18 
 2.50000000e+01  7.00000000e-01  0.00000000e+00  5.00000000e-01  0.00000000e+00 -1.09360794e-09  1.56176606e-09 -4.68158125e-10 -2.98206244e-18 
 2.50000000e+01  7.00000000e-01  0.00000000e+00  5.50000000e-01  0.00000000e+00 -1.09360791e-09  1.68289925e-09 -5.89291343e-10 -3.17453983e-18 
 2.50000000e+01  7.00000000e-01  0.00000000e+00  6.00000000e-01  0.00000000e+00 -1.09360790e-09  1.82561591e-09 -7.32008001e-10 -3.35499327e-18 
 2.50000000e+01  7.00000000e-01  0.00000000e+00  6.50000000e-01  0.00000000e+00 -1.09360790e-09  1.99269488e-09 -8.99086973e-10 -3.52460303e-18 
 2.50000000e+01  7.00000000e-01  0.00000000e+00  7.00000000e-01  0.00000000e+00 -1.09360790e-09  2.18721580e-09 -1.09360790e-09 -3.68440041e-18 
 2.50000000e+01  7.00000000e-01  0.00000000e+00  7.50000000e-01  0.00000000e+00 -1.09360790e-09  2.41258846e-09 -1.31898056e-09 -3.68390000e-18 
 2.50000000e+01  7.00000000e-01  0.00000000e+00  8.00000000e-01  0.00000000e+00 -1.09360790e-09  2.67258481e-09 -1.57897691e-09 -3.68339953e-18 
 2.50000000e+01  7.50000000e-01  0.00000000e+00  0.00000000e+00  0.00000000e+00 -4.84564328e-09  1.31898056e-09  3.52666268e-09  3.05923515e-17 
 2.50000000e+01  7.50000000e-01  0.00000000e+00  5.00000000e-02  0.00000000e+00 -1.95762338e-09  1.32755108e-09  6.30072289e-10  4.72956731e-18 
 2.50000000e+01  7.50000000e-01  0.00000000e+00  1.00000000e-01  0.00000000e+00 -1.42972383e-09  1.34152975e-09  8.81940791e-11  3.30699889e-20 
 2.50000000e+01  7.50000000e-01  0.00000000e+00  1.50000000e-01  0.00000000e+00 -1.33762818e-09  1.36184848e-09 -2.42203002e-11 -1.02294478e-18 
 2.50000000e+01  7.50000000e-01  0.00000000e+00  2.00000000e-01  0.00000000e+00 -1.32205325e-09  1.38955299e-09 -6.74997337e-11 -1.46157484e-18 
 2.50000000e+01  7.50000000e-01  0.00000000e+00  2.50000000e-01  0.00000000e+00 -1.31947810e-09  1.42581531e-09 -1.06337208e-10 -1.78016771e-18 
 2.50000000e+01  7.50000000e-01  0.00000000e+00  3.00000000e-01  0.00000000e+00 -1.31905992e-09  1.47194711e-09 -1.52887188e-10 -2.06044485e-18 
 2.50000000e+01  7.50000000e-01  0.00000000e+00  3.50000000e-01  0.00000000e+00 -1.31899305e-09  1.52941417e-09 -2.10421120e-10 -2.31726439e-18 
 2.50000000e+01  7.50000000e-01  0.00000000e+00  4.00000000e-01  0.00000000e+00 -1.31898250e-09  1.59985219e-09 -2.80869682e-10 -2.55488961e-18 
 2.50000000e+01  7.50000000e-01  0.00000000e+00  4.50000000e-01  0.00000000e+00 -1.31898086e-09  1.68508405e-09 -3.66103184e-10 -2.77570302e-18 
 2.50000000e+01  7.50000000e-01  0.00000000e+00  5.00000000e-01  0.00000000e+00 -1.31898061e-09  1.78713873e-09 -4.68158115e-10 -2.98156199e-18 
 2.50000000e+01  7.50000000e-01  0.00000000e+00  5.50000000e-01  0.00000000e+00 -1.31898057e-09  1.90827191e-09 -5.89291342e-10 -3.17403941e-18 
 2.50000000e+01  7.50000000e-01  0.00000000e+00  6.00000000e-01  0.00000000e+00 -1.31898056e-09  2.05098857e-09 -7.32008001e-10 -3.35449286e-18 
 2.50000000e+01  7.50000000e-01  0.00000000e+00  6.50000000e-01  0.00000000e+00 -1.31898056e-09  2.21806754e-09 -8.99086973e-10 -3.52410262e-18 
 2.50000000e+01  7.50000000e-01  0.00000000e+00  7.00000000e-01  0.00000000e+00 -1.31898056e-09  2.41258846e-09 -1.09360790e-09 -3.68390000e-18 
 2.50000000e+01  7.50000000e-01  0.00000000e+00  7.50000000e-01  0.00000000e+00 -1.31898056e-09  2.63796113e-09 -1.31898056e-09 -3.83479019e-18 
 2.50000000e+01  7.50000000e-01  0.00000000e+00  8.00000000e-01  0.00000000e+00 -1.31898056e-09  2.89795747e-09 -1.57897691e-09 -3.83428972e-18 
 2.50000000e+01  8.00000000e-01  0.00000000e+00  0.00000000e+00  0.00000000e+00 -5.90742119e-09  1.57897691e-09  4.32844424e-09  4.02248030e-17 
 2.50000000e+01  8.00000000e-01  0.00000000e+00  5.00000000e-02  0.00000000e+00 -2.36714655e-09  1.58754743e-09  7.79599109e-10  6.42344957e-18 
 2.50000000e+01  8.00000000e-01  0.00000000e+00  1.00000000e-01  0.00000000e+00 -1.71612758e-09  1.60152610e-09  1.14601480e-10  3.15148026e-19 
 2.50000000e+01  8.00000000e-01  0.00000000e+00  1.50000000e-01  0.00000000e+00 -1.60212717e-09  1.62184483e-09 -1.97176593e-11 -9.77353260e-19 
 2.50000000e+01  8.00000000e-01  0.00000000e+00  2.00000000e-01  0.00000000e+00 -1.58279869e-09  1.64954933e-09 -6.67506438e-11 -1.45405327e-18 
 2.50000000e+01  8.00000000e-01  0.00000000e+00  2.50000000e-01  0.00000000e+00 -1.57959673e-09  1.68581166e-09 -1.06214922e-10 -1.77859908e-18 
 2.50000000e+01  8.00000000e-01  0.00000000e+00  3.00000000e-01  0.00000000e+00 -1.57907592e-09  1.73194346e-09 -1.52867537e-10 -2.05978523e-18 
 2.50000000e+01  8.00000000e-01  0.00000000e+00  3.50000000e-01  0.00000000e+00 -1.57899251e-09  1.78941052e-09 -2.10418005e-10 -2.31674067e-18 
 2.50000000e+01  8.00000000e-01  0.00000000e+00  4.00000000e-01  0.00000000e+00 -1.57897934e-09  1.85984853e-09 -2.80869194e-10 -2.55438580e-18 
 2.50000000e+01  8.00000000e-01  0.00000000e+00  4.50000000e-01  0.00000000e+00 -1.57897728e-09  1.94508039e-09 -3.66103109e-10 -2.77520208e-18 
 2.50000000e+01  8.00000000e-01  0.00000000e+00  5.00000000e-01  0.00000000e+00 -1.57897697e-09  2.04713507e-09 -4.68158104e-10 -2.98106145e-18 
 2.50000000e+01  8.00000000e-01  0.00000000e+00  5.50000000e-01  0.00000000e+00 -1.57897692e-09  2.16826826e-09 -5.89291340e-10 -3.17353893e-18 
 2.50000000e+01  8.00000000e-01  0.00000000e+00  6.00000000e-01  0.00000000e+00 -1.57897691e-09  2.31098491e-09 -7.32008000e-10 -3.35399239e-18 
 2.50000000e+01  8.00000000e-01  0.00000000e+00  6.50000000e-01  0.00000000e+00 -1.57897691e-09  2.47806388e-09 -8.99086972e-10 -3.52360215e-18 
 2.50000000e+01  8.00000000e-01  0.00000000e+00  7.00000000e-01  0.00000000e+00 -1.57897691e-09  2.67258481e-09 -1.09360790e-09 -3.68339953e-18 
 2.50000000e+01  8.00000000e-01  0.00000000e+00  7.50000000e-01  0.00000000e+00 -1.57897691e-09  2.89795747e-09 -1.31898056e-09 -3.83428972e-18 
 2.50000000e+01  8.00000000e-01  0.00000000e+00  8.00000000e-01  0.00000000e+00 -1.57897691e-09  3.15795382e-09 -1.57897691e-09 -3.97707047e-18 
