 2.50000000e+01  0.00000000e+00  8.00000000e-01  0.00000000e+00  0.00000000e+00  1.15830338e-08 -2.32079815e-08  1.15830338e-08  4.19138620e-11 
 2.50000000e+01  0.00000000e+00  8.00000000e-01  5.00000000e-02  0.00000000e+00  1.76744560e-05 -2.23545167e-08 -1.76521476e-05  4.61278067e-11 
 2.50000000e+01  0.00000000e+00  8.00000000e-01  1.00000000e-01  0.00000000e+00  3.37100935e-05 -2.15576441e-08 -3.36885866e-05  5.07630600e-11 
 2.50000000e+01  0.00000000e+00  8.00000000e-01  1.50000000e-01  0.00000000e+00  4.81270686e-05 -2.08638142e-08 -4.81062606e-05  5.58616039e-11 
 2.50000000e+01  0.00000000e+00  8.00000000e-01  2.00000000e-01  0.00000000e+00  6.09253319e-05 -2.02599089e-08 -6.09051335e-05  6.14697683e-11 
 2.50000000e+01  0.00000000e+00  8.00000000e-01  2.50000000e-01  0.00000000e+00  7.20894752e-05 -1.97413859e-08 -7.20698015e-05  6.76388719e-11 
 2.50000000e+01  0.00000000e+00  8.00000000e-01  3.00000000e-01  0.00000000e+00  8.15825879e-05 -1.93101182e-08 -8.15633522e-05  7.44260874e-11 
 2.50000000e+01  0.00000000e+00  8.00000000e-01  3.50000000e-01  0.00000000e+00  8.93703912e-05 -1.89746527e-08 -8.93514984e-05  8.18952712e-11 
 2.50000000e+01  0.00000000e+00  8.00000000e-01  4.00000000e-01  0.00000000e+00  9.55460878e-05 -1.87428266e-08 -9.55274350e-05  9.01163924e-11 
 2.50000000e+01  0.00000000e+00  8.00000000e-01  4.50000000e-01  0.00000000e+00  1.00466748e-04 -1.86066249e-08 -1.00448241e-04  9.91631937e-11 
 2.50000000e+01  0.00000000e+00  8.00000000e-01  5.00000000e-01  0.00000000e+00  1.04602669e-04 -1.85439353e-08 -1.04584234e-04  1.09113578e-10 
 2.50000000e+01  0.00000000e+00  8.00000000e-01  5.50000000e-01  0.00000000e+00  1.08301914e-04 -1.85340243e-08 -1.08283500e-04  1.20052950e-10 
 2.50000000e+01  0.00000000e+00  8.00000000e-01  6.00000000e-01  0.00000000e+00  1.11761091e-04 -1.85631539e-08 -1.11742660e-04  1.32076170e-10 
 2.50000000e+01  0.00000000e+00  8.00000000e-01  6.50000000e-01  0.00000000e+00  1.15084366e-04 -1.86323070e-08 -1.15065879e-04  1.45288214e-10 
 2.50000000e+01  0.00000000e+00  8.00000000e-01  7.00000000e-01  0.00000000e+00  1.18328415e-04 -1.87397264e-08 -1.18309835e-04  1.59804752e-10 
 2.50000000e+01  0.00000000e+00  8.00000000e-01  7.50000000e-01  0.00000000e+00  1.21525716e-04 -1.88389975e-08 -1.21507052e-04  1.75752926e-10 
 2.50000000e+01  0.00000000e+00  8.00000000e-01  8.00000000e-01  0.00000000e+00  1.24695871e-04 -1.89250029e-08 -1.24677139e-04  1.93272316e-10 
 2.50000000e+01  5.00000000e-02  8.00000000e-01  0.00000000e+00  0.00000000e+00 -1.76521476e-05 -2.23545167e-08  1.76744560e-05  4.61278067e-11 
 2.50000000e+01  5.00000000e-02  8.00000000e-01  5.00000000e-02  0.00000000e+00  9.13239598e-09 -1.82840840e-08  9.13239598e-09  1.92919721e-11 
 2.50000000e+01  5.00000000e-02  8.00000000e-01  1.00000000e-01  0.00000000e+00  1.67346008e-05 -1.75738946e-08 -1.67170482e-05  2.12411969e-11 
 2.50000000e+01  5.00000000e-02  8.00000000e-01  1.50000000e-01  0.00000000e+00  3.17015979e-05 -1.69180510e-08 -3.16847032e-05  2.33868045e-11 
 2.50000000e+01  5.00000000e-02  8.00000000e-01  2.00000000e-01  0.00000000e+00  4.49205594e-05 -1.63522820e-08 -4.49042329e-05  2.57486700e-11 
 2.50000000e+01  5.00000000e-02  8.00000000e-01  2.50000000e-01  0.00000000e+00  5.63898033e-05 -1.58666800e-08 -5.63739650e-05  2.83489630e-11 
 2.50000000e+01  5.00000000e-02  8.00000000e-01  3.00000000e-01  0.00000000e+00  6.60891419e-05 -1.54596003e-08 -6.60737135e-05  3.12127056e-11 
 2.50000000e+01  5.00000000e-02  8.00000000e-01  3.50000000e-01  0.00000000e+00  7.39941982e-05 -1.51361614e-08 -7.39790965e-05  3.43684522e-11 
 2.50000000e+01  5.00000000e-02  8.00000000e-01  4.00000000e-01  0.00000000e+00  8.01860974e-05 -1.49038497e-08 -8.01712314e-05  3.78480133e-11 
 2.50000000e+01  5.00000000e-02  8.00000000e-01  4.50000000e-01  0.00000000e+00  8.50228502e-05 -1.47584651e-08 -8.50081334e-05  4.16839654e-11 
 2.50000000e+01  5.00000000e-02  8.00000000e-01  5.00000000e-01  0.00000000e+00  8.90203626e-05 -1.46811987e-08 -8.90057274e-05  4.59088032e-11 
 2.50000000e+01  5.00000000e-02  8.00000000e-01  5.50000000e-01  0.00000000e+00  9.25680909e-05 -1.46528869e-08 -9.25534886e-05  5.05577446e-11 
 2.50000000e+01  5.00000000e-02  8.00000000e-01  6.00000000e-01  0.00000000e+00  9.58797881e-05 -1.46607213e-08 -9.58651830e-05  5.56705376e-11 
 2.50000000e+01  5.00000000e-02  8.00000000e-01  6.50000000e-01  0.00000000e+00  9.90640459e-05 -1.47063057e-08 -9.90494009e-05  6.12917214e-11 
 2.50000000e+01  5.00000000e-02  8.00000000e-01  7.00000000e-01  0.00000000e+00  1.02177760e-04 -1.47882677e-08 -1.02163039e-04  6.74706965e-11 
 2.50000000e+01  5.00000000e-02  8.00000000e-01  7.50000000e-01  0.00000000e+00  1.05252546e-04 -1.48604147e-08 -1.05237760e-04  7.42619603e-11 
 2.50000000e+01  5.00000000e-02  8.00000000e-01  8.00000000e-01  0.00000000e+00  1.08307017e-04 -1.49177424e-08 -1.08292181e-04  8.17254821e-11 
 2.50000000e+01  1.00000000e-01  8.00000000e-01  0.00000000e+00  0.00000000e+00 -3.36885866e-05 -2.15576441e-08  3.37100935e-05  5.07630600e-11 
 2.50000000e+01  1.00000000e-01  8.00000000e-01  5.00000000e-02  0.00000000e+00 -1.67170482e-05 -1.75738946e-08  1.67346008e-05  2.12411969e-11 
 2.50000000e+01  1.00000000e-01  8.00000000e-01  1.00000000e-01  0.00000000e+00  7.06854126e-09 -1.41459504e-08  7.06854126e-09  8.86816256e-12 
 2.50000000e+01  1.00000000e-01  8.00000000e-01  1.50000000e-01  0.00000000e+00  1.55774028e-05 -1.35607410e-08 -1.55638518e-05  9.76803084e-12 
 2.50000000e+01  1.00000000e-01  8.00000000e-01  2.00000000e-01  0.00000000e+00  2.92481699e-05 -1.30275266e-08 -2.92351531e-05  1.07596410e-11 
 2.50000000e+01  1.00000000e-01  8.00000000e-01  2.50000000e-01  0.00000000e+00  4.10320462e-05 -1.25733119e-08 -4.10194847e-05  1.18526071e-11 
 2.50000000e+01  1.00000000e-01  8.00000000e-01  3.00000000e-01  0.00000000e+00  5.09270972e-05 -1.21914410e-08 -5.09149188e-05  1.30579961e-11 
 2.50000000e+01  1.00000000e-01  8.00000000e-01  3.50000000e-01  0.00000000e+00  5.89247257e-05 -1.18834160e-08 -5.89128566e-05  1.43889089e-11 
 2.50000000e+01  1.00000000e-01  8.00000000e-01  4.00000000e-01  0.00000000e+00  6.51017295e-05 -1.16552705e-08 -6.50900901e-05  1.58605701e-11 
 2.50000000e+01  1.00000000e-01  8.00000000e-01  4.50000000e-01  0.00000000e+00  6.98176599e-05 -1.15057062e-08 -6.98061717e-05  1.74881706e-11 
 2.50000000e+01  1.00000000e-01  8.00000000e-01  5.00000000e-01  0.00000000e+00  7.36393024e-05 -1.14192262e-08 -7.36279025e-05  1.92850808e-11 
 2.50000000e+01  1.00000000e-01  8.00000000e-01  5.50000000e-01  0.00000000e+00  7.70033586e-05 -1.13783198e-08 -7.69920016e-05  2.12651137e-11 
 2.50000000e+01  1.00000000e-01  8.00000000e-01  6.00000000e-01  0.00000000e+00  8.01410014e-05 -1.13711627e-08 -8.01296537e-05  2.34444037e-11 
 2.50000000e+01  1.00000000e-01  8.00000000e-01  6.50000000e-01  0.00000000e+00  8.31637872e-05 -1.14000103e-08 -8.31524131e-05  2.58415327e-11 
 2.50000000e+01  1.00000000e-01  8.00000000e-01  7.00000000e-01  0.00000000e+00  8.61275893e-05 -1.14638981e-08 -8.61161539e-05  2.84773775e-11 
 2.50000000e+01  1.00000000e-01  8.00000000e-01  7.50000000e-01  0.00000000e+00  8.90623614e-05 -1.15168779e-08 -8.90508759e-05  3.13751044e-11 
 2.50000000e+01  1.00000000e-01  8.00000000e-01  8.00000000e-01  0.00000000e+00  9.19852236e-05 -1.15540884e-08 -9.19737041e-05  3.45602827e-11 
 2.50000000e+01  1.50000000e-01  8.00000000e-01  0.00000000e+00  0.00000000e+00 -4.81062606e-05 -2.08638142e-08  4.81270686e-05  5.58616039e-11 
 2.50000000e+01  1.50000000e-01  8.00000000e-01  5.00000000e-02  0.00000000e+00 -3.16847032e-05 -1.69180510e-08  3.17015979e-05  2.33868045e-11 
 2.50000000e+01  1.50000000e-01  8.00000000e-01  1.00000000e-01  0.00000000e+00 -1.55638518e-05 -1.35607410e-08  1.55774028e-05  9.76803084e-12 
 2.50000000e+01  1.50000000e-01  8.00000000e-01  1.50000000e-01  0.00000000e+00  5.34639828e-09 -1.06968732e-08  5.34639828e-09  4.07687144e-12 
 2.50000000e+01  1.50000000e-01  8.00000000e-01  2.00000000e-01  0.00000000e+00  1.41412242e-05 -1.02197173e-08 -1.41310090e-05  4.49112656e-12 
 2.50000000e+01  1.50000000e-01  8.00000000e-01  2.50000000e-01  0.00000000e+00  2.62316440e-05 -9.79214487e-09 -2.62218568e-05  4.94856167e-12 
 2.50000000e+01  1.50000000e-01  8.00000000e-01  3.00000000e-01  0.00000000e+00  3.62934771e-05 -9.43429335e-09 -3.62840483e-05  5.45413434e-12 
 2.50000000e+01  1.50000000e-01  8.00000000e-01  3.50000000e-01  0.00000000e+00  4.43380275e-05 -9.14290377e-09 -4.43288906e-05  6.01403913e-12 
 2.50000000e+01  1.50000000e-01  8.00000000e-01  4.00000000e-01  0.00000000e+00  5.04465290e-05 -8.92159790e-09 -5.04376141e-05  6.63607705e-12 
 2.50000000e+01  1.50000000e-01  8.00000000e-01  4.50000000e-01  0.00000000e+00  5.49838960e-05 -8.77086070e-09 -5.49751324e-05  7.32812764e-12 
 2.50000000e+01  1.50000000e-01  8.00000000e-01  5.00000000e-01  0.00000000e+00  5.85753258e-05 -8.67835515e-09 -5.85666556e-05  8.09576915e-12 
 2.50000000e+01  1.50000000e-01  8.00000000e-01  5.50000000e-01  0.00000000e+00  6.17110746e-05 -8.62828808e-09 -6.17024552e-05  8.94387668e-12 
 2.50000000e+01  1.50000000e-01  8.00000000e-01  6.00000000e-01  0.00000000e+00  6.46384382e-05 -8.60986127e-09 -6.46298382e-05  9.87861518e-12 
 2.50000000e+01  1.50000000e-01  8.00000000e-01  6.50000000e-01  0.00000000e+00  6.74692188e-05 -8.62600036e-09 -6.74606037e-05  1.09075550e-11 
 2.50000000e+01  1.50000000e-01  8.00000000e-01  7.00000000e-01  0.00000000e+00  7.02564019e-05 -8.67614958e-09 -7.02477378e-05  1.20394288e-11 
 2.50000000e+01  1.50000000e-01  8.00000000e-01  7.50000000e-01  0.00000000e+00  7.30271843e-05 -8.71460371e-09 -7.30184830e-05  1.32840295e-11 
 2.50000000e+01  1.50000000e-01  8.00000000e-01  8.00000000e-01  0.00000000e+00  7.57965542e-05 -8.73664541e-09 -7.57878322e-05  1.46522155e-11 
 2.50000000e+01  2.00000000e-01  8.00000000e-01  0.00000000e+00  0.00000000e+00 -6.09051335e-05 -2.02599089e-08  6.09253319e-05  6.14697683e-11 
 2.50000000e+01  2.00000000e-01  8.00000000e-01  5.00000000e-02  0.00000000e+00 -4.49042329e-05 -1.63522820e-08  4.49205594e-05  2.57486700e-11 
 2.50000000e+01  2.00000000e-01  8.00000000e-01  1.00000000e-01  0.00000000e+00 -2.92351531e-05 -1.30275266e-08  2.92481699e-05  1.07596410e-11 
 2.50000000e+01  2.00000000e-01  8.00000000e-01  1.50000000e-01  0.00000000e+00 -1.41310090e-05 -1.02197173e-08  1.41412242e-05  4.49112656e-12 
 2.50000000e+01  2.00000000e-01  8.00000000e-01  2.00000000e-01  0.00000000e+00  3.92567771e-09 -7.85323828e-09  3.92567771e-09  1.88328278e-12 
 2.50000000e+01  2.00000000e-01  8.00000000e-01  2.50000000e-01  0.00000000e+00  1.23506938e-05 -7.46869322e-09 -1.23432271e-05  2.07313814e-12 
 2.50000000e+01  2.00000000e-01  8.00000000e-01  3.00000000e-01  0.00000000e+00  2.25145522e-05 -7.13134662e-09 -2.25074232e-05  2.28370572e-12 
 2.50000000e+01  2.00000000e-01  8.00000000e-01  3.50000000e-01  0.00000000e+00  3.05272343e-05 -6.85623869e-09 -3.05203806e-05  2.51797001e-12 
 2.50000000e+01  2.00000000e-01  8.00000000e-01  4.00000000e-01  0.00000000e+00  3.64807795e-05 -6.64316313e-09 -3.64741391e-05  2.78015875e-12 
 2.50000000e+01  2.00000000e-01  8.00000000e-01  4.50000000e-01  0.00000000e+00  4.07509215e-05 -6.49312959e-09 -4.07444314e-05  3.07495249e-12 
 2.50000000e+01  2.00000000e-01  8.00000000e-01  5.00000000e-01  0.00000000e+00  4.40322980e-05 -6.39663056e-09 -4.40259047e-05  3.40494215e-12 
 2.50000000e+01  2.00000000e-01  8.00000000e-01  5.50000000e-01  0.00000000e+00  4.68757138e-05 -6.33961372e-09 -4.68693779e-05  3.77144077e-12 
 2.50000000e+01  2.00000000e-01  8.00000000e-01  6.00000000e-01  0.00000000e+00  4.95407726e-05 -6.31234531e-09 -4.95344645e-05  4.17651947e-12 
 2.50000000e+01  2.00000000e-01  8.00000000e-01  6.50000000e-01  0.00000000e+00  5.21351220e-05 -6.31842378e-09 -5.21288082e-05  4.62315924e-12 
 2.50000000e+01  2.00000000e-01  8.00000000e-01  7.00000000e-01  0.00000000e+00  5.47062973e-05 -6.35769104e-09 -5.46999447e-05  5.11498313e-12 
 2.50000000e+01  2.00000000e-01  8.00000000e-01  7.50000000e-01  0.00000000e+00  5.72773714e-05 -6.38466879e-09 -5.72709924e-05  5.65612697e-12 
 2.50000000e+01  2.00000000e-01  8.00000000e-01  8.00000000e-01  0.00000000e+00  5.98604405e-05 -6.39477493e-09 -5.98540520e-05  6.25120662e-12 
 2.50000000e+01  2.50000000e-01  8.00000000e-01  0.00000000e+00  0.00000000e+00 -7.20698015e-05 -1.97413859e-08  7.20894752e-05  6.76388719e-11 
 2.50000000e+01  2.50000000e-01  8.00000000e-01  5.00000000e-02  0.00000000e+00 -5.63739650e-05 -1.58666800e-08  5.63898033e-05  2.83489630e-11 
 2.50000000e+01  2.50000000e-01  8.00000000e-01  1.00000000e-01  0.00000000e+00 -4.10194847e-05 -1.25733119e-08  4.10320462e-05  1.18526071e-11 
 2.50000000e+01  2.50000000e-01  8.00000000e-01  1.50000000e-01  0.00000000e+00 -2.62218568e-05 -9.79214487e-09  2.62316440e-05  4.94856167e-12 
 2.50000000e+01  2.50000000e-01  8.00000000e-01  2.00000000e-01  0.00000000e+00 -1.23432271e-05 -7.46869322e-09  1.23506938e-05  2.07313814e-12 
 2.50000000e+01  2.50000000e-01  8.00000000e-01  2.50000000e-01  0.00000000e+00  2.77028999e-09 -5.54146551e-09  2.77028999e-09  8.85522344e-13 
 2.50000000e+01  2.50000000e-01  8.00000000e-01  3.00000000e-01  0.00000000e+00  1.01355547e-05 -5.23558907e-09 -1.01303201e-05  9.71950437e-13 
 2.50000000e+01  2.50000000e-01  8.00000000e-01  3.50000000e-01  0.00000000e+00  1.79889028e-05 -4.97465180e-09 -1.79839292e-05  1.06875190e-12 
 2.50000000e+01  2.50000000e-01  8.00000000e-01  4.00000000e-01  0.00000000e+00  2.36618558e-05 -4.77009432e-09 -2.36570869e-05  1.17821755e-12 
 2.50000000e+01  2.50000000e-01  8.00000000e-01  4.50000000e-01  0.00000000e+00  2.75384996e-05 -4.62176986e-09 -2.75338791e-05  1.30338707e-12 
 2.50000000e+01  2.50000000e-01  8.00000000e-01  5.00000000e-01  0.00000000e+00  3.03953447e-05 -4.52252080e-09 -3.03908236e-05  1.44582140e-12 
 2.50000000e+01  2.50000000e-01  8.00000000e-01  5.50000000e-01  0.00000000e+00  3.28532236e-05 -4.46001192e-09 -3.28487652e-05  1.60559014e-12 
 2.50000000e+01  2.50000000e-01  8.00000000e-01  6.00000000e-01  0.00000000e+00  3.51776947e-05 -4.42557857e-09 -3.51732709e-05  1.78320033e-12 
 2.50000000e+01  2.50000000e-01  8.00000000e-01  6.50000000e-01  0.00000000e+00  3.74664186e-05 -4.42347825e-09 -3.74619971e-05  1.97979221e-12 
 2.50000000e+01  2.50000000e-01  8.00000000e-01  7.00000000e-01  0.00000000e+00  3.97585912e-05 -4.45391968e-09 -3.97541395e-05  2.19688343e-12 
 2.50000000e+01  2.50000000e-01  8.00000000e-01  7.50000000e-01  0.00000000e+00  4.20717918e-05 -4.47162707e-09 -4.20673226e-05  2.43624786e-12 
 2.50000000e+01  2.50000000e-01  8.00000000e-01  8.00000000e-01  0.00000000e+00  4.44145120e-05 -4.47213355e-09 -4.44100426e-05  2.69987770e-12 
 2.50000000e+01  3.00000000e-01  8.00000000e-01  0.00000000e+00  0.00000000e+00 -8.15633522e-05 -1.93101182e-08  8.15825879e-05  7.44260874e-11 
 2.50000000e+01  3.00000000e-01  8.00000000e-01  5.00000000e-02  0.00000000e+00 -6.60737135e-05 -1.54596003e-08  6.60891419e-05  3.12127056e-11 
 2.50000000e+01  3.00000000e-01  8.00000000e-01  1.00000000e-01  0.00000000e+00 -5.09149188e-05 -1.21914410e-08  5.09270972e-05  1.30579961e-11 
 2.50000000e+01  3.00000000e-01  8.00000000e-01  1.50000000e-01  0.00000000e+00 -3.62840483e-05 -9.43429335e-09  3.62934771e-05  5.45413434e-12 
 2.50000000e+01  3.00000000e-01  8.00000000e-01  2.00000000e-01  0.00000000e+00 -2.25074232e-05 -7.13134662e-09  2.25145522e-05  2.28370572e-12 
 2.50000000e+01  3.00000000e-01  8.00000000e-01  2.50000000e-01  0.00000000e+00 -1.01303201e-05 -5.23558907e-09  1.01355547e-05  9.71950437e-13 
 2.50000000e+01  3.00000000e-01  8.00000000e-01  3.00000000e-01  0.00000000e+00  1.84764947e-09 -3.69573527e-09  1.84764947e-09  4.36240307e-13 
 2.50000000e+01  3.00000000e-01  8.00000000e-01  3.50000000e-01  0.00000000e+00  7.50290291e-06 -3.45620155e-09 -7.49944719e-06  4.75232674e-13 
 2.50000000e+01  3.00000000e-01  8.00000000e-01  4.00000000e-01  0.00000000e+00  1.27492469e-05 -3.25942673e-09 -1.27459880e-05  5.19862318e-13 
 2.50000000e+01  3.00000000e-01  8.00000000e-01  4.50000000e-01  0.00000000e+00  1.60919572e-05 -3.11312709e-09 -1.60888447e-05  5.72032394e-13 
 2.50000000e+01  3.00000000e-01  8.00000000e-01  5.00000000e-01  0.00000000e+00  1.83815681e-05 -3.01179126e-09 -1.83785569e-05  6.32972584e-13 
 2.50000000e+01  3.00000000e-01  8.00000000e-01  5.50000000e-01  0.00000000e+00  2.03272674e-05 -2.94477842e-09 -2.03243234e-05  7.02497736e-13 
 2.50000000e+01  3.00000000e-01  8.00000000e-01  6.00000000e-01  0.00000000e+00  2.21963788e-05 -2.90443491e-09 -2.21934751e-05  7.80624806e-13 
 2.50000000e+01  3.00000000e-01  8.00000000e-01  6.50000000e-01  0.00000000e+00  2.40717674e-05 -2.89562152e-09 -2.40688727e-05  8.67814842e-13 
 2.50000000e+01  3.00000000e-01  8.00000000e-01  7.00000000e-01  0.00000000e+00  2.59825733e-05 -2.91886382e-09 -2.59796554e-05  9.64752117e-13 
 2.50000000e+01  3.00000000e-01  8.00000000e-01  7.50000000e-01  0.00000000e+00  2.79404355e-05 -2.92905300e-09 -2.79375075e-05  1.07224806e-12 
 2.50000000e+01  3.00000000e-01  8.00000000e-01  8.00000000e-01  0.00000000e+00  2.99501816e-05 -2.92181346e-09 -2.99472610e-05  1.19121160e-12 
 2.50000000e+01  3.50000000e-01  8.00000000e-01  0.00000000e+00  0.00000000e+00 -8.93514984e-05 -1.89746527e-08  8.93703912e-05  8.18952712e-11 
 2.50000000e+01  3.50000000e-01  8.00000000e-01  5.00000000e-02  0.00000000e+00 -7.39790965e-05 -1.51361614e-08  7.39941982e-05  3.43684522e-11 
 2.50000000e+01  3.50000000e-01  8.00000000e-01  1.00000000e-01  0.00000000e+00 -5.89128566e-05 -1.18834160e-08  5.89247257e-05  1.43889089e-11 
 2.50000000e+01  3.50000000e-01  8.00000000e-01  1.50000000e-01  0.00000000e+00 -4.43288906e-05 -9.14290377e-09  4.43380275e-05  6.01403913e-12 
 2.50000000e+01  3.50000000e-01  8.00000000e-01  2.00000000e-01  0.00000000e+00 -3.05203806e-05 -6.85623869e-09  3.05272343e-05  2.51797001e-12 
 2.50000000e+01  3.50000000e-01  8.00000000e-01  2.50000000e-01  0.00000000e+00 -1.79839292e-05 -4.97465180e-09  1.79889028e-05  1.06875190e-12 
 2.50000000e+01  3.50000000e-01  8.00000000e-01  3.00000000e-01  0.00000000e+00 -7.49944719e-06 -3.45620155e-09  7.50290291e-06  4.75232674e-13 
 2.50000000e+01  3.50000000e-01  8.00000000e-01  3.50000000e-01  0.00000000e+00  1.12981676e-09 -2.25987051e-09  1.12981676e-09  2.36832383e-13 
 2.50000000e+01  3.50000000e-01  8.00000000e-01  4.00000000e-01  0.00000000e+00  4.70004987e-06 -2.07611706e-09 -4.69797401e-06  2.54217197e-13 
 2.50000000e+01  3.50000000e-01  8.00000000e-01  4.50000000e-01  0.00000000e+00  7.46343194e-06 -1.93215355e-09 -7.46150006e-06  2.74925312e-13 
 2.50000000e+01  3.50000000e-01  8.00000000e-01  5.00000000e-01  0.00000000e+00  9.08897805e-06 -1.82929205e-09 -9.08714905e-06  2.99954635e-13 
 2.50000000e+01  3.50000000e-01  8.00000000e-01  5.50000000e-01  0.00000000e+00  1.04028773e-05 -1.75876846e-09 -1.04011189e-05  3.29255049e-13 
 2.50000000e+01  3.50000000e-01  8.00000000e-01  6.00000000e-01  0.00000000e+00  1.16889553e-05 -1.71381065e-09 -1.16872418e-05  3.62755451e-13 
 2.50000000e+01  3.50000000e-01  8.00000000e-01  6.50000000e-01  0.00000000e+00  1.30171223e-05 -1.69977543e-09 -1.30154230e-05  4.00690806e-13 
 2.50000000e+01  3.50000000e-01  8.00000000e-01  7.00000000e-01  0.00000000e+00  1.44086050e-05 -1.71743619e-09 -1.44068880e-05  4.43428291e-13 
 2.50000000e+01  3.50000000e-01  8.00000000e-01  7.50000000e-01  0.00000000e+00  1.58712991e-05 -1.72180981e-09 -1.58695778e-05  4.91398184e-13 
 2.50000000e+01  3.50000000e-01  8.00000000e-01  8.00000000e-01  0.00000000e+00  1.74082875e-05 -1.70858838e-09 -1.74065795e-05  5.45074155e-13 
 2.50000000e+01  4.00000000e-01  8.00000000e-01  0.00000000e+00  0.00000000e+00 -9.55274350e-05 -1.87428266e-08  9.55460878e-05  9.01163924e-11 
 2.50000000e+01  4.00000000e-01  8.00000000e-01  5.00000000e-02  0.00000000e+00 -8.01712314e-05 -1.49038497e-08  8.01860974e-05  3.78480133e-11 
 2.50000000e+01  4.00000000e-01  8.00000000e-01  1.00000000e-01  0.00000000e+00 -6.50900901e-05 -1.16552705e-08  6.51017295e-05  1.58605701e-11 
 2.50000000e+01  4.00000000e-01  8.00000000e-01  1.50000000e-01  0.00000000e+00 -5.04376141e-05 -8.92159790e-09  5.04465290e-05  6.63607705e-12 
 2.50000000e+01  4.00000000e-01  8.00000000e-01  2.00000000e-01  0.00000000e+00 -3.64741391e-05 -6.64316313e-09  3.64807795e-05  2.78015875e-12 
 2.50000000e+01  4.00000000e-01  8.00000000e-01  2.50000000e-01  0.00000000e+00 -2.36570869e-05 -4.77009432e-09  2.36618558e-05  1.17821755e-12 
 2.50000000e+01  4.00000000e-01  8.00000000e-01  3.00000000e-01  0.00000000e+00 -1.27459880e-05 -3.25942673e-09  1.27492469e-05  5.19862318e-13 
 2.50000000e+01  4.00000000e-01  8.00000000e-01  3.50000000e-01  0.00000000e+00 -4.69797401e-06 -2.07611706e-09  4.70004987e-06  2.54217197e-13 
 2.50000000e+01  4.00000000e-01  8.00000000e-01  4.00000000e-01  0.00000000e+00  6.06254236e-10 -1.21265864e-09  6.06254236e-10  1.50252129e-13 
 2.50000000e+01  4.00000000e-01  8.00000000e-01  4.50000000e-01  0.00000000e+00  2.32025974e-06 -1.07523879e-09 -2.31918465e-06  1.57811326e-13 
 2.50000000e+01  4.00000000e-01  8.00000000e-01  5.00000000e-01  0.00000000e+00  3.41199373e-06 -9.72154135e-10 -3.41102174e-06  1.67196849e-13 
 2.50000000e+01  4.00000000e-01  8.00000000e-01  5.50000000e-01  0.00000000e+00  4.11760074e-06 -8.99701869e-10 -4.11670121e-06  1.78583730e-13 
 2.50000000e+01  4.00000000e-01  8.00000000e-01  6.00000000e-01  0.00000000e+00  4.79971360e-06 -8.52001358e-10 -4.79886179e-06  1.91901470e-13 
 2.50000000e+01  4.00000000e-01  8.00000000e-01  6.50000000e-01  0.00000000e+00  5.52813276e-06 -8.34776026e-10 -5.52729819e-06  2.07279094e-13 
 2.50000000e+01  4.00000000e-01  8.00000000e-01  7.00000000e-01  0.00000000e+00  6.32147586e-06 -8.48971338e-10 -6.32062711e-06  2.24936313e-13 
 2.50000000e+01  4.00000000e-01  8.00000000e-01  7.50000000e-01  0.00000000e+00  7.18797805e-06 -8.49688098e-10 -7.18712861e-06  2.45131729e-13 
 2.50000000e+01  4.00000000e-01  8.00000000e-01  8.00000000e-01  0.00000000e+00  8.13259115e-06 -8.32664160e-10 -8.13175875e-06  2.68149919e-13 
 2.50000000e+01  4.50000000e-01  8.00000000e-01  0.00000000e+00  0.00000000e+00 -1.00448241e-04 -1.86066249e-08  1.00466748e-04  9.91631937e-11 
 2.50000000e+01  4.50000000e-01  8.00000000e-01  5.00000000e-02  0.00000000e+00 -8.50081334e-05 -1.47584651e-08  8.50228502e-05  4.16839654e-11 
 2.50000000e+01  4.50000000e-01  8.00000000e-01  1.00000000e-01  0.00000000e+00 -6.98061717e-05 -1.15057062e-08  6.98176599e-05  1.74881706e-11 
 2.50000000e+01  4.50000000e-01  8.00000000e-01  1.50000000e-01  0.00000000e+00 -5.49751324e-05 -8.77086070e-09  5.49838960e-05  7.32812764e-12 
 2.50000000e+01  4.50000000e-01  8.00000000e-01  2.00000000e-01  0.00000000e+00 -4.07444314e-05 -6.49312959e-09  4.07509215e-05  3.07495249e-12 
 2.50000000e+01  4.50000000e-01  8.00000000e-01  2.50000000e-01  0.00000000e+00 -2.75338791e-05 -4.62176986e-09  2.75384996e-05  1.30338707e-12 
 2.50000000e+01  4.50000000e-01  8.00000000e-01  3.00000000e-01  0.00000000e+00 -1.60888447e-05 -3.11312709e-09  1.60919572e-05  5.72032394e-13 
 2.50000000e+01  4.50000000e-01  8.00000000e-01  3.50000000e-01  0.00000000e+00 -7.46150006e-06 -1.93215355e-09  7.46343194e-06  2.74925312e-13 
 2.50000000e+01  4.50000000e-01  8.00000000e-01  4.00000000e-01  0.00000000e+00 -2.31918465e-06 -1.07523879e-09  2.32025974e-06  1.57811326e-13 
 2.50000000e+01  4.50000000e-01  8.00000000e-01  4.50000000e-01  0.00000000e+00  2.97086883e-10 -5.94287952e-10  2.97086883e-10  1.14246407e-13 
 2.50000000e+01  4.50000000e-01  8.00000000e-01  5.00000000e-01  0.00000000e+00  8.85998106e-07 -4.93426633e-10 -8.85504797e-07  1.17317886e-13 
 2.50000000e+01  4.50000000e-01  8.00000000e-01  5.50000000e-01  0.00000000e+00  1.23959367e-06 -4.20725232e-10 -1.23917307e-06  1.21198123e-13 
 2.50000000e+01  4.50000000e-01  8.00000000e-01  6.00000000e-01  0.00000000e+00  1.50896737e-06 -3.72253117e-10 -1.50859524e-06  1.25879199e-13 
 2.50000000e+01  4.50000000e-01  8.00000000e-01  6.50000000e-01  0.00000000e+00  1.79655327e-06 -3.53997276e-10 -1.79619940e-06  1.31392268e-13 
 2.50000000e+01  4.50000000e-01  8.00000000e-01  7.00000000e-01  0.00000000e+00  2.12071445e-06 -3.67004871e-10 -2.12034759e-06  1.37843692e-13 
 2.50000000e+01  4.50000000e-01  8.00000000e-01  7.50000000e-01  0.00000000e+00  2.48947313e-06 -3.66419339e-10 -2.48910686e-06  1.45369457e-13 
 2.50000000e+01  4.50000000e-01  8.00000000e-01  8.00000000e-01  0.00000000e+00  2.90889428e-06 -3.47997853e-10 -2.90854644e-06  1.54126093e-13 
 2.50000000e+01  5.00000000e-01  8.00000000e-01  0.00000000e+00  0.00000000e+00 -1.04584234e-04 -1.85439353e-08  1.04602669e-04  1.09113578e-10 
 2.50000000e+01  5.00000000e-01  8.00000000e-01  5.00000000e-02  0.00000000e+00 -8.90057274e-05 -1.46811987e-08  8.90203626e-05  4.59088032e-11 
 2.50000000e+01  5.00000000e-01  8.00000000e-01  1.00000000e-01  0.00000000e+00 -7.36279025e-05 -1.14192262e-08  7.36393024e-05  1.92850808e-11 
 2.50000000e+01  5.00000000e-01  8.00000000e-01  1.50000000e-01  0.00000000e+00 -5.85666556e-05 -8.67835515e-09  5.85753258e-05  8.09576915e-12 
 2.50000000e+01  5.00000000e-01  8.00000000e-01  2.00000000e-01  0.00000000e+00 -4.40259047e-05 -6.39663056e-09  4.40322980e-05  3.40494215e-12 
 2.50000000e+01  5.00000000e-01  8.00000000e-01  2.50000000e-01  0.00000000e+00 -3.03908236e-05 -4.52252080e-09  3.03953447e-05  1.44582140e-12 
 2.50000000e+01  5.00000000e-01  8.00000000e-01  3.00000000e-01  0.00000000e+00 -1.83785569e-05 -3.01179126e-09  1.83815681e-05  6.32972584e-13 
 2.50000000e+01  5.00000000e-01  8.00000000e-01  3.50000000e-01  0.00000000e+00 -9.08714905e-06 -1.82929205e-09  9.08897805e-06  2.99954635e-13 
 2.50000000e+01  5.00000000e-01  8.00000000e-01  4.00000000e-01  0.00000000e+00 -3.41102174e-06 -9.72154135e-10  3.41199373e-06  1.67196849e-13 
 2.50000000e+01  5.00000000e-01  8.00000000e-01  4.50000000e-01  0.00000000e+00 -8.85504797e-07 -4.93426633e-10  8.85998106e-07  1.17317886e-13 
 2.50000000e+01  5.00000000e-01  8.00000000e-01  5.00000000e-01  0.00000000e+00  1.52892963e-10 -3.05886205e-10  1.52892963e-10  1.00535298e-13 
 2.50000000e+01  5.00000000e-01  8.00000000e-01  5.50000000e-01  0.00000000e+00  2.76798354e-07 -2.33591146e-10 -2.76564864e-07  1.01632458e-13 
 2.50000000e+01  5.00000000e-01  8.00000000e-01  6.00000000e-01  0.00000000e+00  3.81056166e-07 -1.85100379e-10 -3.80871169e-07  1.03027965e-13 
 2.50000000e+01  5.00000000e-01  8.00000000e-01  6.50000000e-01  0.00000000e+00  4.69533512e-07 -1.66742842e-10 -4.69366874e-07  1.04719755e-13 
 2.50000000e+01  5.00000000e-01  8.00000000e-01  7.00000000e-01  0.00000000e+00  5.68605201e-07 -1.79603887e-10 -5.68425704e-07  1.06737356e-13 
 2.50000000e+01  5.00000000e-01  8.00000000e-01  7.50000000e-01  0.00000000e+00  6.83938055e-07 -1.78841164e-10 -6.83759323e-07  1.09133264e-13 
 2.50000000e+01  5.00000000e-01  8.00000000e-01  8.00000000e-01  0.00000000e+00  8.19128206e-07 -1.60219615e-10 -8.18968098e-07  1.11972023e-13 
 2.50000000e+01  5.50000000e-01  8.00000000e-01  0.00000000e+00  0.00000000e+00 -1.08283500e-04 -1.85340243e-08  1.08301914e-04  1.20052950e-10 
 2.50000000e+01  5.50000000e-01  8.00000000e-01  5.00000000e-02  0.00000000e+00 -9.25534886e-05 -1.46528869e-08  9.25680909e-05  5.05577446e-11 
 2.50000000e+01  5.50000000e-01  8.00000000e-01  1.00000000e-01  0.00000000e+00 -7.69920016e-05 -1.13783198e-08  7.70033586e-05  2.12651137e-11 
 2.50000000e+01  5.50000000e-01  8.00000000e-01  1.50000000e-01  0.00000000e+00 -6.17024552e-05 -8.62828808e-09  6.17110746e-05  8.94387668e-12 
 2.50000000e+01  5.50000000e-01  8.00000000e-01  2.00000000e-01  0.00000000e+00 -4.68693779e-05 -6.33961372e-09  4.68757138e-05  3.77144077e-12 
 2.50000000e+01  5.50000000e-01  8.00000000e-01  2.50000000e-01  0.00000000e+00 -3.28487652e-05 -4.46001192e-09  3.28532236e-05  1.60559014e-12 
 2.50000000e+01  5.50000000e-01  8.00000000e-01  3.00000000e-01  0.00000000e+00 -2.03243234e-05 -2.94477842e-09  2.03272674e-05  7.02497736e-13 
 2.50000000e+01  5.50000000e-01  8.00000000e-01  3.50000000e-01  0.00000000e+00 -1.04011189e-05 -1.75876846e-09  1.04028773e-05  3.29255049e-13 
 2.50000000e+01  5.50000000e-01  8.00000000e-01  4.00000000e-01  0.00000000e+00 -4.11670121e-06 -8.99701869e-10  4.11760074e-06  1.78583730e-13 
 2.50000000e+01  5.50000000e-01  8.00000000e-01  4.50000000e-01  0.00000000e+00 -1.23917307e-06 -4.20725232e-10  1.23959367e-06  1.21198123e-13 
 2.50000000e+01  5.50000000e-01  8.00000000e-01  5.00000000e-01  0.00000000e+00 -2.76564864e-07 -2.33591146e-10  2.76798354e-07  1.01632458e-13 
 2.50000000e+01  5.50000000e-01  8.00000000e-01  5.50000000e-01  0.00000000e+00  7.42232878e-11 -1.48542512e-10  7.42232878e-11  9.59912581e-14 
 2.50000000e+01  5.50000000e-01  8.00000000e-01  6.00000000e-01  0.00000000e+00  7.47305556e-08 -1.00103037e-10 -7.46305491e-08  9.63240358e-14 
 2.50000000e+01  5.50000000e-01  8.00000000e-01  6.50000000e-01  0.00000000e+00  1.03149869e-07 -8.17492740e-11 -1.03068216e-07  9.67513779e-14 
 2.50000000e+01  5.50000000e-01  8.00000000e-01  7.00000000e-01  0.00000000e+00  1.28737774e-07 -9.46054346e-11 -1.28643266e-07  9.72763577e-14 
 2.50000000e+01  5.50000000e-01  8.00000000e-01  7.50000000e-01  0.00000000e+00  1.58180086e-07 -9.38338296e-11 -1.58086350e-07  9.79128310e-14 
 2.50000000e+01  5.50000000e-01  8.00000000e-01  8.00000000e-01  0.00000000e+00  1.93185885e-07 -7.52000684e-11 -1.93110784e-07  9.86816746e-14 
 2.50000000e+01  6.00000000e-01  8.00000000e-01  0.00000000e+00  0.00000000e+00 -1.11742660e-04 -1.85631539e-08  1.11761091e-04  1.32076170e-10 
 2.50000000e+01  6.00000000e-01  8.00000000e-01  5.00000000e-02  0.00000000e+00 -9.58651830e-05 -1.46607213e-08  9.58797881e-05  5.56705376e-11 
 2.50000000e+01  6.00000000e-01  8.00000000e-01  1.00000000e-01  0.00000000e+00 -8.01296537e-05 -1.13711627e-08  8.01410014e-05  2.34444037e-11 
 2.50000000e+01  6.00000000e-01  8.00000000e-01  1.50000000e-01  0.00000000e+00 -6.46298382e-05 -8.60986127e-09  6.46384382e-05  9.87861518e-12 
 2.50000000e+01  6.00000000e-01  8.00000000e-01  2.00000000e-01  0.00000000e+00 -4.95344645e-05 -6.31234531e-09  4.95407726e-05  4.17651947e-12 
 2.50000000e+01  6.00000000e-01  8.00000000e-01  2.50000000e-01  0.00000000e+00 -3.51732709e-05 -4.42557857e-09  3.51776947e-05  1.78320033e-12 
 2.50000000e+01  6.00000000e-01  8.00000000e-01  3.00000000e-01  0.00000000e+00 -2.21934751e-05 -2.90443491e-09  2.21963788e-05  7.80624806e-13 
 2.50000000e+01  6.00000000e-01  8.00000000e-01  3.50000000e-01  0.00000000e+00 -1.16872418e-05 -1.71381065e-09  1.16889553e-05  3.62755451e-13 
 2.50000000e+01  6.00000000e-01  8.00000000e-01  4.00000000e-01  0.00000000e+00 -4.79886179e-06 -8.52001358e-10  4.79971360e-06  1.91901470e-13 
 2.50000000e+01  6.00000000e-01  8.00000000e-01  4.50000000e-01  0.00000000e+00 -1.50859524e-06 -3.72253117e-10  1.50896737e-06  1.25879199e-13 
 2.50000000e+01  6.00000000e-01  8.00000000e-01  5.00000000e-01  0.00000000e+00 -3.80871169e-07 -1.85100379e-10  3.81056166e-07  1.03027965e-13 
 2.50000000e+01  6.00000000e-01  8.00000000e-01  5.50000000e-01  0.00000000e+00 -7.46305491e-08 -1.00103037e-10  7.47305556e-08  9.63240358e-14 
 2.50000000e+01  6.00000000e-01  8.00000000e-01  6.00000000e-01  0.00000000e+00  2.49980194e-11 -5.00908204e-11  2.49980194e-11  9.47036568e-14 
 2.50000000e+01  6.00000000e-01  8.00000000e-01  6.50000000e-01  0.00000000e+00  1.80162751e-08 -3.17428306e-11 -1.79846268e-08  9.47904927e-14 
 2.50000000e+01  6.00000000e-01  8.00000000e-01  7.00000000e-01  0.00000000e+00  2.50648312e-08 -4.46003234e-11 -2.50203260e-08  9.49030958e-14 
 2.50000000e+01  6.00000000e-01  8.00000000e-01  7.50000000e-01  0.00000000e+00  3.16390827e-08 -4.38282743e-11 -3.15953493e-08  9.50433075e-14 
 2.50000000e+01  6.00000000e-01  8.00000000e-01  8.00000000e-01  0.00000000e+00  3.93529072e-08 -2.51938470e-11 -3.93278086e-08  9.52159387e-14 
 2.50000000e+01  6.50000000e-01  8.00000000e-01  0.00000000e+00  0.00000000e+00 -1.15065879e-04 -1.86323070e-08  1.15084366e-04  1.45288214e-10 
 2.50000000e+01  6.50000000e-01  8.00000000e-01  5.00000000e-02  0.00000000e+00 -9.90494009e-05 -1.47063057e-08  9.90640459e-05  6.12917214e-11 
 2.50000000e+01  6.50000000e-01  8.00000000e-01  1.00000000e-01  0.00000000e+00 -8.31524131e-05 -1.14000103e-08  8.31637872e-05  2.58415327e-11 
 2.50000000e+01  6.50000000e-01  8.00000000e-01  1.50000000e-01  0.00000000e+00 -6.74606037e-05 -8.62600036e-09  6.74692188e-05  1.09075550e-11 
 2.50000000e+01  6.50000000e-01  8.00000000e-01  2.00000000e-01  0.00000000e+00 -5.21288082e-05 -6.31842378e-09  5.21351220e-05  4.62315924e-12 
 2.50000000e+01  6.50000000e-01  8.00000000e-01  2.50000000e-01  0.00000000e+00 -3.74619971e-05 -4.42347825e-09  3.74664186e-05  1.97979221e-12 
 2.50000000e+01  6.50000000e-01  8.00000000e-01  3.00000000e-01  0.00000000e+00 -2.40688727e-05 -2.89562152e-09  2.40717674e-05  8.67814842e-13 
 2.50000000e+01  6.50000000e-01  8.00000000e-01  3.50000000e-01  0.00000000e+00 -1.30154230e-05 -1.69977543e-09  1.30171223e-05  4.00690806e-13 
 2.50000000e+01  6.50000000e-01  8.00000000e-01  4.00000000e-01  0.00000000e+00 -5.52729819e-06 -8.34776026e-10  5.52813276e-06  2.07279094e-13 
 2.50000000e+01  6.50000000e-01  8.00000000e-01  4.50000000e-01  0.00000000e+00 -1.79619940e-06 -3.53997276e-10  1.79655327e-06  1.31392268e-13 
 2.50000000e+01  6.50000000e-01  8.00000000e-01  5.00000000e-01  0.00000000e+00 -4.69366874e-07 -1.66742842e-10  4.69533512e-07  1.04719755e-13 
 2.50000000e+01  6.50000000e-01  8.00000000e-01  5.50000000e-01  0.00000000e+00 -1.03068216e-07 -8.17492740e-11  1.03149869e-07  9.67513779e-14 
 2.50000000e+01  6.50000000e-01  8.00000000e-01  6.00000000e-01  0.00000000e+00 -1.79846268e-08 -3.17428306e-11  1.80162751e-08  9.47904927e-14 
 2.50000000e+01  6.50000000e-01  8.00000000e-01  6.50000000e-01  0.00000000e+00  6.55946360e-12 -1.32134303e-11  6.55946360e-12  9.43838660e-14 
 2.50000000e+01  6.50000000e-01  8.00000000e-01  7.00000000e-01  0.00000000e+00  4.00799989e-09 -2.60709232e-11 -3.98202334e-09  9.44041942e-14 
 2.50000000e+01  6.50000000e-01  8.00000000e-01  7.50000000e-01  0.00000000e+00  5.61300243e-09 -2.52993182e-11 -5.58779754e-09  9.44307312e-14 
 2.50000000e+01  6.50000000e-01  8.00000000e-01  8.00000000e-01  0.00000000e+00  7.14169408e-09 -6.66489086e-12 -7.13512381e-09  9.44640890e-14 
 2.50000000e+01  7.00000000e-01  8.00000000e-01  0.00000000e+00  0.00000000e+00 -1.18309835e-04 -1.87397264e-08  1.18328415e-04  1.59804752e-10 
 2.50000000e+01  7.00000000e-01  8.00000000e-01  5.00000000e-02  0.00000000e+00 -1.02163039e-04 -1.47882677e-08  1.02177760e-04  6.74706965e-11 
 2.50000000e+01  7.00000000e-01  8.00000000e-01  1.00000000e-01  0.00000000e+00 -8.61161539e-05 -1.14638981e-08  8.61275893e-05  2.84773775e-11 
 2.50000000e+01  7.00000000e-01  8.00000000e-01  1.50000000e-01  0.00000000e+00 -7.02477378e-05 -8.67614958e-09  7.02564019e-05  1.20394288e-11 
 2.50000000e+01  7.00000000e-01  8.00000000e-01  2.00000000e-01  0.00000000e+00 -5.46999447e-05 -6.35769104e-09  5.47062973e-05  5.11498313e-12 
 2.50000000e+01  7.00000000e-01  8.00000000e-01  2.50000000e-01  0.00000000e+00 -3.97541395e-05 -4.45391968e-09  3.97585912e-05  2.19688343e-12 
 2.50000000e+01  7.00000000e-01  8.00000000e-01  3.00000000e-01  0.00000000e+00 -2.59796554e-05 -2.91886382e-09  2.59825733e-05  9.64752117e-13 
 2.50000000e+01  7.00000000e-01  8.00000000e-01  3.50000000e-01  0.00000000e+00 -1.44068880e-05 -1.71743619e-09  1.44086050e-05  4.43428291e-13 
 2.50000000e+01  7.00000000e-01  8.00000000e-01  4.00000000e-01  0.00000000e+00 -6.32062711e-06 -8.48971338e-10  6.32147586e-06  2.24936313e-13 
 2.50000000e+01  7.00000000e-01  8.00000000e-01  4.50000000e-01  0.00000000e+00 -2.12034759e-06 -3.67004871e-10  2.12071445e-06  1.37843692e-13 
 2.50000000e+01  7.00000000e-01  8.00000000e-01  5.00000000e-01  0.00000000e+00 -5.68425704e-07 -1.79603887e-10  5.68605201e-07  1.06737356e-13 
 2.50000000e+01  7.00000000e-01  8.00000000e-01  5.50000000e-01  0.00000000e+00 -1.28643266e-07 -9.46054346e-11  1.28737774e-07  9.72763577e-14 
 2.50000000e+01  7.00000000e-01  8.00000000e-01  6.00000000e-01  0.00000000e+00 -2.50203260e-08 -4.46003234e-11  2.50648312e-08  9.49030958e-14 
 2.50000000e+01  7.00000000e-01  8.00000000e-01  6.50000000e-01  0.00000000e+00 -3.98202334e-09 -2.60709232e-11  4.00799989e-09  9.44041942e-14 
 2.50000000e+01  7.00000000e-01  8.00000000e-01  7.00000000e-01  0.00000000e+00  1.94072076e-11 -3.89088761e-11  1.94072076e-11  9.43110840e-14 
 2.50000000e+01  7.00000000e-01  8.00000000e-01  7.50000000e-01  0.00000000e+00  8.65286711e-10 -3.81370491e-11 -8.27243874e-10  9.43155319e-14 
 2.50000000e+01  7.00000000e-01  8.00000000e-01  8.00000000e-01  0.00000000e+00  1.20957436e-09 -1.95026217e-11 -1.19016612e-09  9.43213594e-14 
 2.50000000e+01  7.50000000e-01  8.00000000e-01  0.00000000e+00  0.00000000e+00 -1.21507052e-04 -1.88389975e-08  1.21525716e-04  1.75752926e-10 
 2.50000000e+01  7.50000000e-01  8.00000000e-01  5.00000000e-02  0.00000000e+00 -1.05237760e-04 -1.48604147e-08  1.05252546e-04  7.42619603e-11 
 2.50000000e+01  7.50000000e-01  8.00000000e-01  1.00000000e-01  0.00000000e+00 -8.90508759e-05 -1.15168779e-08  8.90623614e-05  3.13751044e-11 
 2.50000000e+01  7.50000000e-01  8.00000000e-01  1.50000000e-01  0.00000000e+00 -7.30184830e-05 -8.71460371e-09  7.30271843e-05  1.32840295e-11 
 2.50000000e+01  7.50000000e-01  8.00000000e-01  2.00000000e-01  0.00000000e+00 -5.72709924e-05 -6.38466879e-09  5.72773714e-05  5.65612697e-12 
 2.50000000e+01  7.50000000e-01  8.00000000e-01  2.50000000e-01  0.00000000e+00 -4.20673226e-05 -4.47162707e-09  4.20717918e-05  2.43624786e-12 
 2.50000000e+01  7.50000000e-01  8.00000000e-01  3.00000000e-01  0.00000000e+00 -2.79375075e-05 -2.92905300e-09  2.79404355e-05  1.07224806e-12 
 2.50000000e+01  7.50000000e-01  8.00000000e-01  3.50000000e-01  0.00000000e+00 -1.58695778e-05 -1.72180981e-09  1.58712991e-05  4.91398184e-13 
 2.50000000e+01  7.50000000e-01  8.00000000e-01  4.00000000e-01  0.00000000e+00 -7.18712861e-06 -8.49688098e-10  7.18797805e-06  2.45131729e-13 
 2.50000000e+01  7.50000000e-01  8.00000000e-01  4.50000000e-01  0.00000000e+00 -2.48910686e-06 -3.66419339e-10  2.48947313e-06  1.45369457e-13 
 2.50000000e+01  7.50000000e-01  8.00000000e-01  5.00000000e-01  0.00000000e+00 -6.83759323e-07 -1.78841164e-10  6.83938055e-07  1.09133264e-13 
 2.50000000e+01  7.50000000e-01  8.00000000e-01  5.50000000e-01  0.00000000e+00 -1.58086350e-07 -9.38338296e-11  1.58180086e-07  9.79128310e-14 
 2.50000000e+01  7.50000000e-01  8.00000000e-01  6.00000000e-01  0.00000000e+00 -3.15953493e-08 -4.38282743e-11  3.16390827e-08  9.50433075e-14 
 2.50000000e+01  7.50000000e-01  8.00000000e-01  6.50000000e-01  0.00000000e+00 -5.58779754e-09 -2.52993182e-11  5.61300243e-09  9.44307312e-14 
 2.50000000e+01  7.50000000e-01  8.00000000e-01  7.00000000e-01  0.00000000e+00 -8.27243874e-10 -3.81370491e-11  8.65286711e-10  9.43155319e-14 
 2.50000000e+01  7.50000000e-01  8.00000000e-01  7.50000000e-01  0.00000000e+00  1.86346622e-11 -3.73636677e-11  1.86346622e-11  9.42948202e-14 
 2.50000000e+01  7.50000000e-01  8.00000000e-01  8.00000000e-01  0.00000000e+00  1.92001214e-10 -1.87287963e-11 -1.73366478e-10  9.42957557e-14 
 2.50000000e+01  8.00000000e-01  8.00000000e-01  0.00000000e+00  0.00000000e+00 -1.24677139e-04 -1.89250029e-08  1.24695871e-04  1.93272316e-10 
 2.50000000e+01  8.00000000e-01  8.00000000e-01  5.00000000e-02  0.00000000e+00 -1.08292181e-04 -1.49177424e-08  1.08307017e-04  8.17254821e-11 
 2.50000000e+01  8.00000000e-01  8.00000000e-01  1.00000000e-01  0.00000000e+00 -9.19737041e-05 -1.15540884e-08  9.19852236e-05  3.45602827e-11 
 2.50000000e+01  8.00000000e-01  8.00000000e-01  1.50000000e-01  0.00000000e+00 -7.57878322e-05 -8.73664541e-09  7.57965542e-05  1.46522155e-11 
 2.50000000e+01  8.00000000e-01  8.00000000e-01  2.00000000e-01  0.00000000e+00 -5.98540520e-05 -6.39477493e-09  5.98604405e-05  6.25120662e-12 
 2.50000000e+01  8.00000000e-01  8.00000000e-01  2.50000000e-01  0.00000000e+00 -4.44100426e-05 -4.47213355e-09  4.44145120e-05  2.69987770e-12 
 2.50000000e+01  8.00000000e-01  8.00000000e-01  3.00000000e-01  0.00000000e+00 -2.99472610e-05 -2.92181346e-09  2.99501816e-05  1.19121160e-12 
 2.50000000e+01  8.00000000e-01  8.00000000e-01  3.50000000e-01  0.00000000e+00 -1.74065795e-05 -1.70858838e-09  1.74082875e-05  5.45074155e-13 
 2.50000000e+01  8.00000000e-01  8.00000000e-01  4.00000000e-01  0.00000000e+00 -8.13175875e-06 -8.32664160e-10  8.13259115e-06  2.68149919e-13 
 2.50000000e+01  8.00000000e-01  8.00000000e-01  4.50000000e-01  0.00000000e+00 -2.90854644e-06 -3.47997853e-10  2.90889428e-06  1.54126093e-13 
 2.50000000e+01  8.00000000e-01  8.00000000e-01  5.00000000e-01  0.00000000e+00 -8.18968098e-07 -1.60219615e-10  8.19128206e-07  1.11972023e-13 
 2.50000000e+01  8.00000000e-01  8.00000000e-01  5.50000000e-01  0.00000000e+00 -1.93110784e-07 -7.52000684e-11  1.93185885e-07  9.86816746e-14 
 2.50000000e+01  8.00000000e-01  8.00000000e-01  6.00000000e-01  0.00000000e+00 -3.93278086e-08 -2.51938470e-11  3.93529072e-08  9.52159387e-14 
 2.50000000e+01  8.00000000e-01  8.00000000e-01  6.50000000e-01  0.00000000e+00 -7.13512381e-09 -6.66489086e-12  7.14169408e-09  9.44640890e-14 
 2.50000000e+01  8.00000000e-01  8.00000000e-01  7.00000000e-01  0.00000000e+00 -1.19016612e-09 -1.95026217e-11  1.20957436e-09  9.43213594e-14 
 2.50000000e+01  8.00000000e-01  8.00000000e-01  7.50000000e-01  0.00000000e+00 -1.73366478e-10 -1.87287963e-11  1.92001214e-10  9.42957557e-14 
 2.50000000e+01  8.00000000e-01  8.00000000e-01  8.00000000e-01  0.00000000e+00 -3.45112676e-20 -9.43689571e-14 -3.45113710e-20  9.42902709e-14 
