 2.50000000e+01  0.00000000e+00  8.00000000e-01  0.00000000e+00  8.00000000e-01  3.02717085e-09 -6.05434280e-09  3.02717085e-09  0.00000000e+00 
 2.50000000e+01  0.00000000e+00  8.00000000e-01  5.00000000e-02  8.00000000e-01  3.02717085e-09 -5.60009816e-09  2.57292971e-09  0.00000000e+00 
 2.50000000e+01  0.00000000e+00  8.00000000e-01  1.00000000e-01  8.00000000e-01  3.02717085e-09 -5.19774979e-09  2.17057902e-09  0.00000000e+00 
 2.50000000e+01  0.00000000e+00  8.00000000e-01  1.50000000e-01  8.00000000e-01  3.02717085e-09 -4.84283724e-09  1.81566681e-09  0.00000000e+00 
 2.50000000e+01  0.00000000e+00  8.00000000e-01  2.00000000e-01  8.00000000e-01  3.02717085e-09 -4.53123761e-09  1.50406570e-09  0.00000000e+00 
 2.50000000e+01  0.00000000e+00  8.00000000e-01  2.50000000e-01  8.00000000e-01  3.02717086e-09 -4.25912106e-09  1.23195146e-09  0.00000000e+00 
 2.50000000e+01  0.00000000e+00  8.00000000e-01  3.00000000e-01  8.00000000e-01  3.02717093e-09 -4.02295619e-09  9.95782899e-10  0.00000000e+00 
 2.50000000e+01  0.00000000e+00  8.00000000e-01  3.50000000e-01  8.00000000e-01  3.02717144e-09 -3.81945320e-09  7.92282717e-10  0.00000000e+00 
 2.50000000e+01  0.00000000e+00  8.00000000e-01  4.00000000e-01  8.00000000e-01  3.02717509e-09 -3.64559227e-09  6.18417864e-10  0.00000000e+00 
 2.50000000e+01  0.00000000e+00  8.00000000e-01  4.50000000e-01  8.00000000e-01  3.02720090e-09 -3.49856855e-09  4.71368925e-10  0.00000000e+00 
 2.50000000e+01  0.00000000e+00  8.00000000e-01  5.00000000e-01  8.00000000e-01  3.02738169e-09 -3.37579920e-09  3.48417125e-10  0.00000000e+00 
 2.50000000e+01  0.00000000e+00  8.00000000e-01  5.50000000e-01  8.00000000e-01  3.02863262e-09 -3.27489325e-09  2.46261170e-10  0.00000000e+00 
 2.50000000e+01  0.00000000e+00  8.00000000e-01  6.00000000e-01  8.00000000e-01  3.03715981e-09 -3.19365512e-09  1.56494941e-10 -3.46944695e-18 
 2.50000000e+01  0.00000000e+00  8.00000000e-01  6.50000000e-01  8.00000000e-01  3.09410494e-09 -3.13005621e-09  3.59500533e-11 -3.46944695e-18 
 2.50000000e+01  0.00000000e+00  8.00000000e-01  7.00000000e-01  8.00000000e-01  3.46230737e-09 -3.08222781e-09 -3.80078454e-10 -3.46944695e-18 
 2.50000000e+01  0.00000000e+00  8.00000000e-01  7.50000000e-01  8.00000000e-01  5.71372953e-09 -3.04846104e-09 -2.66526907e-09 -2.77555756e-17 
 2.50000000e+01  0.00000000e+00  8.00000000e-01  8.00000000e-01  8.00000000e-01  1.82146252e-08 -3.02717140e-09 -1.51874542e-08 -1.56125113e-16 
 2.50000000e+01  5.00000000e-02  8.00000000e-01  0.00000000e+00  8.00000000e-01  2.57292971e-09 -5.60009816e-09  3.02717085e-09  0.00000000e+00 
 2.50000000e+01  5.00000000e-02  8.00000000e-01  5.00000000e-02  8.00000000e-01  2.57292971e-09 -5.14585885e-09  2.57292971e-09  0.00000000e+00 
 2.50000000e+01  5.00000000e-02  8.00000000e-01  1.00000000e-01  8.00000000e-01  2.57292971e-09 -4.74350870e-09  2.17057902e-09  0.00000000e+00 
 2.50000000e+01  5.00000000e-02  8.00000000e-01  1.50000000e-01  8.00000000e-01  2.57292971e-09 -4.38859615e-09  1.81566681e-09  0.00000000e+00 
 2.50000000e+01  5.00000000e-02  8.00000000e-01  2.00000000e-01  8.00000000e-01  2.57292971e-09 -4.07699474e-09  1.50406570e-09  0.00000000e+00 
 2.50000000e+01  5.00000000e-02  8.00000000e-01  2.50000000e-01  8.00000000e-01  2.57292972e-09 -3.80487997e-09  1.23195147e-09  0.00000000e+00 
 2.50000000e+01  5.00000000e-02  8.00000000e-01  3.00000000e-01  8.00000000e-01  2.57292978e-09 -3.56871155e-09  9.95782915e-10  0.00000000e+00 
 2.50000000e+01  5.00000000e-02  8.00000000e-01  3.50000000e-01  8.00000000e-01  2.57293019e-09 -3.36521211e-09  7.92282830e-10  0.00000000e+00 
 2.50000000e+01  5.00000000e-02  8.00000000e-01  4.00000000e-01  8.00000000e-01  2.57293315e-09 -3.19135118e-09  6.18418667e-10  0.00000000e+00 
 2.50000000e+01  5.00000000e-02  8.00000000e-01  4.50000000e-01  8.00000000e-01  2.57295412e-09 -3.04432568e-09  4.71374571e-10  0.00000000e+00 
 2.50000000e+01  5.00000000e-02  8.00000000e-01  5.00000000e-01  8.00000000e-01  2.57310125e-09 -2.92155811e-09  3.48456427e-10  0.00000000e+00 
 2.50000000e+01  5.00000000e-02  8.00000000e-01  5.50000000e-01  8.00000000e-01  2.57412124e-09 -2.82065216e-09  2.46531410e-10  0.00000000e+00 
 2.50000000e+01  5.00000000e-02  8.00000000e-01  6.00000000e-01  8.00000000e-01  2.58108938e-09 -2.73941403e-09  1.58324236e-10 -3.46944695e-18 
 2.50000000e+01  5.00000000e-02  8.00000000e-01  6.50000000e-01  8.00000000e-01  2.62775412e-09 -2.67581335e-09  4.80597341e-11 -3.46944695e-18 
 2.50000000e+01  5.00000000e-02  8.00000000e-01  7.00000000e-01  8.00000000e-01  2.93074935e-09 -2.62798672e-09 -3.02761571e-10 -3.46944695e-18 
 2.50000000e+01  5.00000000e-02  8.00000000e-01  7.50000000e-01  8.00000000e-01  4.79631385e-09 -2.59421817e-09 -2.20209454e-09 -2.77555756e-17 
 2.50000000e+01  5.00000000e-02  8.00000000e-01  8.00000000e-01  8.00000000e-01  1.52713379e-08 -2.57293031e-09 -1.26984080e-08 -1.07552856e-16 
 2.50000000e+01  1.00000000e-01  8.00000000e-01  0.00000000e+00  8.00000000e-01  2.17057902e-09 -5.19774979e-09  3.02717085e-09  0.00000000e+00 
 2.50000000e+01  1.00000000e-01  8.00000000e-01  5.00000000e-02  8.00000000e-01  2.17057902e-09 -4.74350870e-09  2.57292971e-09  0.00000000e+00 
 2.50000000e+01  1.00000000e-01  8.00000000e-01  1.00000000e-01  8.00000000e-01  2.17057902e-09 -4.34116032e-09  2.17057902e-09  0.00000000e+00 
 2.50000000e+01  1.00000000e-01  8.00000000e-01  1.50000000e-01  8.00000000e-01  2.17057902e-09 -3.98624422e-09  1.81566681e-09  0.00000000e+00 
 2.50000000e+01  1.00000000e-01  8.00000000e-01  2.00000000e-01  8.00000000e-01  2.17057902e-09 -3.67464636e-09  1.50406570e-09  0.00000000e+00 
 2.50000000e+01  1.00000000e-01  8.00000000e-01  2.50000000e-01  8.00000000e-01  2.17057903e-09 -3.40253159e-09  1.23195147e-09  0.00000000e+00 
 2.50000000e+01  1.00000000e-01  8.00000000e-01  3.00000000e-01  8.00000000e-01  2.17057907e-09 -3.16636140e-09  9.95782928e-10  0.00000000e+00 
 2.50000000e+01  1.00000000e-01  8.00000000e-01  3.50000000e-01  8.00000000e-01  2.17057941e-09 -2.96286373e-09  7.92282923e-10  0.00000000e+00 
 2.50000000e+01  1.00000000e-01  8.00000000e-01  4.00000000e-01  8.00000000e-01  2.17058180e-09 -2.78900103e-09  6.18419321e-10  0.00000000e+00 
 2.50000000e+01  1.00000000e-01  8.00000000e-01  4.50000000e-01  8.00000000e-01  2.17059882e-09 -2.64197730e-09  4.71379176e-10  0.00000000e+00 
 2.50000000e+01  1.00000000e-01  8.00000000e-01  5.00000000e-01  8.00000000e-01  2.17071847e-09 -2.51920795e-09  3.48488521e-10  0.00000000e+00 
 2.50000000e+01  1.00000000e-01  8.00000000e-01  5.50000000e-01  8.00000000e-01  2.17154951e-09 -2.41830200e-09  2.46752455e-10  0.00000000e+00 
 2.50000000e+01  1.00000000e-01  8.00000000e-01  6.00000000e-01  8.00000000e-01  2.17723932e-09 -2.33706388e-09  1.59823602e-10 -3.46944695e-18 
 2.50000000e+01  1.00000000e-01  8.00000000e-01  6.50000000e-01  8.00000000e-01  2.21545024e-09 -2.27346320e-09  5.80129193e-11 -3.46944695e-18 
 2.50000000e+01  1.00000000e-01  8.00000000e-01  7.00000000e-01  8.00000000e-01  2.46458027e-09 -2.22563656e-09 -2.38943184e-10 -3.46944695e-18 
 2.50000000e+01  1.00000000e-01  8.00000000e-01  7.50000000e-01  8.00000000e-01  4.00893470e-09 -2.19186980e-09 -1.81706607e-09 -1.04083409e-17 
 2.50000000e+01  1.00000000e-01  8.00000000e-01  8.00000000e-01  8.00000000e-01  1.27768511e-08 -2.17058016e-09 -1.06062720e-08 -8.67361738e-17 
 2.50000000e+01  1.50000000e-01  8.00000000e-01  0.00000000e+00  8.00000000e-01  1.81566681e-09 -4.84283724e-09  3.02717085e-09  0.00000000e+00 
 2.50000000e+01  1.50000000e-01  8.00000000e-01  5.00000000e-02  8.00000000e-01  1.81566681e-09 -4.38859615e-09  2.57292971e-09  0.00000000e+00 
 2.50000000e+01  1.50000000e-01  8.00000000e-01  1.00000000e-01  8.00000000e-01  1.81566681e-09 -3.98624422e-09  2.17057902e-09  0.00000000e+00 
 2.50000000e+01  1.50000000e-01  8.00000000e-01  1.50000000e-01  8.00000000e-01  1.81566681e-09 -3.63133168e-09  1.81566681e-09  0.00000000e+00 
 2.50000000e+01  1.50000000e-01  8.00000000e-01  2.00000000e-01  8.00000000e-01  1.81566681e-09 -3.31973204e-09  1.50406571e-09  0.00000000e+00 
 2.50000000e+01  1.50000000e-01  8.00000000e-01  2.50000000e-01  8.00000000e-01  1.81566682e-09 -3.04761727e-09  1.23195147e-09  0.00000000e+00 
 2.50000000e+01  1.50000000e-01  8.00000000e-01  3.00000000e-01  8.00000000e-01  1.81566686e-09 -2.81144885e-09  9.95782938e-10  0.00000000e+00 
 2.50000000e+01  1.50000000e-01  8.00000000e-01  3.50000000e-01  8.00000000e-01  1.81566713e-09 -2.60794941e-09  7.92282998e-10  0.00000000e+00 
 2.50000000e+01  1.50000000e-01  8.00000000e-01  4.00000000e-01  8.00000000e-01  1.81566906e-09 -2.43408849e-09  6.18419855e-10  0.00000000e+00 
 2.50000000e+01  1.50000000e-01  8.00000000e-01  4.50000000e-01  8.00000000e-01  1.81568286e-09 -2.28706476e-09  4.71382931e-10  0.00000000e+00 
 2.50000000e+01  1.50000000e-01  8.00000000e-01  5.00000000e-01  8.00000000e-01  1.81578006e-09 -2.16429541e-09  3.48514725e-10  0.00000000e+00 
 2.50000000e+01  1.50000000e-01  8.00000000e-01  5.50000000e-01  8.00000000e-01  1.81645657e-09 -2.06338946e-09  2.46933189e-10  0.00000000e+00 
 2.50000000e+01  1.50000000e-01  8.00000000e-01  6.00000000e-01  8.00000000e-01  1.82109874e-09 -1.98215133e-09  1.61051981e-10 -3.46944695e-18 
 2.50000000e+01  1.50000000e-01  8.00000000e-01  6.50000000e-01  8.00000000e-01  1.85236079e-09 -1.91855243e-09  6.61901687e-11 -3.46944695e-18 
 2.50000000e+01  1.50000000e-01  8.00000000e-01  7.00000000e-01  8.00000000e-01  2.05700709e-09 -1.87072402e-09 -1.86282211e-10 -3.46944695e-18 
 2.50000000e+01  1.50000000e-01  8.00000000e-01  7.50000000e-01  8.00000000e-01  3.33397443e-09 -1.83695548e-09 -1.49701802e-09 -1.38777878e-17 
 2.50000000e+01  1.50000000e-01  8.00000000e-01  8.00000000e-01  8.00000000e-01  1.06625883e-08 -1.81566584e-09 -8.84692141e-09 -6.59194921e-17 
 2.50000000e+01  2.00000000e-01  8.00000000e-01  0.00000000e+00  8.00000000e-01  1.50406570e-09 -4.53123761e-09  3.02717085e-09  0.00000000e+00 
 2.50000000e+01  2.00000000e-01  8.00000000e-01  5.00000000e-02  8.00000000e-01  1.50406570e-09 -4.07699474e-09  2.57292971e-09  0.00000000e+00 
 2.50000000e+01  2.00000000e-01  8.00000000e-01  1.00000000e-01  8.00000000e-01  1.50406570e-09 -3.67464636e-09  2.17057902e-09  0.00000000e+00 
 2.50000000e+01  2.00000000e-01  8.00000000e-01  1.50000000e-01  8.00000000e-01  1.50406571e-09 -3.31973204e-09  1.81566681e-09  0.00000000e+00 
 2.50000000e+01  2.00000000e-01  8.00000000e-01  2.00000000e-01  8.00000000e-01  1.50406571e-09 -3.00813241e-09  1.50406571e-09  0.00000000e+00 
 2.50000000e+01  2.00000000e-01  8.00000000e-01  2.50000000e-01  8.00000000e-01  1.50406571e-09 -2.73601763e-09  1.23195147e-09  0.00000000e+00 
 2.50000000e+01  2.00000000e-01  8.00000000e-01  3.00000000e-01  8.00000000e-01  1.50406574e-09 -2.49984922e-09  9.95782948e-10  0.00000000e+00 
 2.50000000e+01  2.00000000e-01  8.00000000e-01  3.50000000e-01  8.00000000e-01  1.50406596e-09 -2.29634978e-09  7.92283060e-10  0.00000000e+00 
 2.50000000e+01  2.00000000e-01  8.00000000e-01  4.00000000e-01  8.00000000e-01  1.50406752e-09 -2.12248707e-09  6.18420291e-10  0.00000000e+00 
 2.50000000e+01  2.00000000e-01  8.00000000e-01  4.50000000e-01  8.00000000e-01  1.50407869e-09 -1.97546512e-09  4.71385997e-10  0.00000000e+00 
 2.50000000e+01  2.00000000e-01  8.00000000e-01  5.00000000e-01  8.00000000e-01  1.50415756e-09 -1.85269400e-09  3.48536118e-10  0.00000000e+00 
 2.50000000e+01  2.00000000e-01  8.00000000e-01  5.50000000e-01  8.00000000e-01  1.50470772e-09 -1.75179160e-09  2.47080923e-10  0.00000000e+00 
 2.50000000e+01  2.00000000e-01  8.00000000e-01  6.00000000e-01  8.00000000e-01  1.50849171e-09 -1.67054992e-09  1.62057896e-10 -3.46944695e-18 
 2.50000000e+01  2.00000000e-01  8.00000000e-01  6.50000000e-01  8.00000000e-01  1.53404529e-09 -1.60695102e-09  7.29045613e-11 -3.46944695e-18 
 2.50000000e+01  2.00000000e-01  8.00000000e-01  7.00000000e-01  8.00000000e-01  1.70197953e-09 -1.55912261e-09 -1.42855752e-10 -3.46944695e-18 
 2.50000000e+01  2.00000000e-01  8.00000000e-01  7.50000000e-01  8.00000000e-01  2.75651757e-09 -1.52535584e-09 -1.23116226e-09 -3.46944695e-18 
 2.50000000e+01  2.00000000e-01  8.00000000e-01  8.00000000e-01  8.00000000e-01  8.87221539e-09 -1.50406798e-09 -7.36814963e-09 -5.20417043e-17 
 2.50000000e+01  2.50000000e-01  8.00000000e-01  0.00000000e+00  8.00000000e-01  1.23195146e-09 -4.25912106e-09  3.02717086e-09  0.00000000e+00 
 2.50000000e+01  2.50000000e-01  8.00000000e-01  5.00000000e-02  8.00000000e-01  1.23195147e-09 -3.80487997e-09  2.57292972e-09  0.00000000e+00 
 2.50000000e+01  2.50000000e-01  8.00000000e-01  1.00000000e-01  8.00000000e-01  1.23195147e-09 -3.40253159e-09  2.17057903e-09  0.00000000e+00 
 2.50000000e+01  2.50000000e-01  8.00000000e-01  1.50000000e-01  8.00000000e-01  1.23195147e-09 -3.04761727e-09  1.81566682e-09  0.00000000e+00 
 2.50000000e+01  2.50000000e-01  8.00000000e-01  2.00000000e-01  8.00000000e-01  1.23195147e-09 -2.73601763e-09  1.50406571e-09  0.00000000e+00 
 2.50000000e+01  2.50000000e-01  8.00000000e-01  2.50000000e-01  8.00000000e-01  1.23195148e-09 -2.46390108e-09  1.23195148e-09  0.00000000e+00 
 2.50000000e+01  2.50000000e-01  8.00000000e-01  3.00000000e-01  8.00000000e-01  1.23195150e-09 -2.22773444e-09  9.95782957e-10  0.00000000e+00 
 2.50000000e+01  2.50000000e-01  8.00000000e-01  3.50000000e-01  8.00000000e-01  1.23195167e-09 -2.02423323e-09  7.92283113e-10  0.00000000e+00 
 2.50000000e+01  2.50000000e-01  8.00000000e-01  4.00000000e-01  8.00000000e-01  1.23195293e-09 -1.85037230e-09  6.18420650e-10  0.00000000e+00 
 2.50000000e+01  2.50000000e-01  8.00000000e-01  4.50000000e-01  8.00000000e-01  1.23196195e-09 -1.70335035e-09  4.71388504e-10  0.00000000e+00 
 2.50000000e+01  2.50000000e-01  8.00000000e-01  5.00000000e-01  8.00000000e-01  1.23202585e-09 -1.58057745e-09  3.48553596e-10  0.00000000e+00 
 2.50000000e+01  2.50000000e-01  8.00000000e-01  5.50000000e-01  8.00000000e-01  1.23247273e-09 -1.47967505e-09  2.47201683e-10  0.00000000e+00 
 2.50000000e+01  2.50000000e-01  8.00000000e-01  6.00000000e-01  8.00000000e-01  1.23555401e-09 -1.39843515e-09  1.62881369e-10 -3.46944695e-18 
 2.50000000e+01  2.50000000e-01  8.00000000e-01  6.50000000e-01  8.00000000e-01  1.25642087e-09 -1.33483447e-09  7.84147444e-11 -3.46944695e-18 
 2.50000000e+01  2.50000000e-01  8.00000000e-01  7.00000000e-01  8.00000000e-01  1.39408152e-09 -1.28700783e-09 -1.07071978e-10 -3.46944695e-18 
 2.50000000e+01  2.50000000e-01  8.00000000e-01  7.50000000e-01  8.00000000e-01  2.26378572e-09 -1.25324107e-09 -1.01054465e-09 -1.04083409e-17 
 2.50000000e+01  2.50000000e-01  8.00000000e-01  8.00000000e-01  8.00000000e-01  7.35856727e-09 -1.23195143e-09 -6.12661576e-09 -5.20417043e-17 
 2.50000000e+01  3.00000000e-01  8.00000000e-01  0.00000000e+00  8.00000000e-01  9.95782899e-10 -4.02295619e-09  3.02717093e-09  0.00000000e+00 
 2.50000000e+01  3.00000000e-01  8.00000000e-01  5.00000000e-02  8.00000000e-01  9.95782915e-10 -3.56871155e-09  2.57292978e-09  0.00000000e+00 
 2.50000000e+01  3.00000000e-01  8.00000000e-01  1.00000000e-01  8.00000000e-01  9.95782928e-10 -3.16636140e-09  2.17057907e-09  0.00000000e+00 
 2.50000000e+01  3.00000000e-01  8.00000000e-01  1.50000000e-01  8.00000000e-01  9.95782938e-10 -2.81144885e-09  1.81566686e-09  0.00000000e+00 
 2.50000000e+01  3.00000000e-01  8.00000000e-01  2.00000000e-01  8.00000000e-01  9.95782948e-10 -2.49984922e-09  1.50406574e-09  0.00000000e+00 
 2.50000000e+01  3.00000000e-01  8.00000000e-01  2.50000000e-01  8.00000000e-01  9.95782957e-10 -2.22773444e-09  1.23195150e-09  0.00000000e+00 
 2.50000000e+01  3.00000000e-01  8.00000000e-01  3.00000000e-01  8.00000000e-01  9.95782981e-10 -1.99156780e-09  9.95782981e-10  0.00000000e+00 
 2.50000000e+01  3.00000000e-01  8.00000000e-01  3.50000000e-01  8.00000000e-01  9.95783122e-10 -1.78806658e-09  7.92283170e-10  0.00000000e+00 
 2.50000000e+01  3.00000000e-01  8.00000000e-01  4.00000000e-01  8.00000000e-01  9.95784132e-10 -1.61420388e-09  6.18420955e-10  0.00000000e+00 
 2.50000000e+01  3.00000000e-01  8.00000000e-01  4.50000000e-01  8.00000000e-01  9.95791392e-10 -1.46718193e-09  4.71390570e-10  0.00000000e+00 
 2.50000000e+01  3.00000000e-01  8.00000000e-01  5.00000000e-01  8.00000000e-01  9.95843044e-10 -1.34441080e-09  3.48567907e-10  0.00000000e+00 
 2.50000000e+01  3.00000000e-01  8.00000000e-01  5.50000000e-01  8.00000000e-01  9.96205466e-10 -1.24350841e-09  2.47300456e-10  0.00000000e+00 
 2.50000000e+01  3.00000000e-01  8.00000000e-01  6.00000000e-01  8.00000000e-01  9.98711421e-10 -1.16226850e-09  1.63555463e-10 -3.46944695e-18 
 2.50000000e+01  3.00000000e-01  8.00000000e-01  6.50000000e-01  8.00000000e-01  1.01573232e-09 -1.09866782e-09  8.29348069e-11 -3.46944695e-18 
 2.50000000e+01  3.00000000e-01  8.00000000e-01  7.00000000e-01  8.00000000e-01  1.12844878e-09 -1.05084297e-09 -7.76077303e-11 -3.46944695e-18 
 2.50000000e+01  3.00000000e-01  8.00000000e-01  7.50000000e-01  8.00000000e-01  1.84474502e-09 -1.01707265e-09 -8.27672446e-10 -1.04083409e-17 
 2.50000000e+01  3.00000000e-01  8.00000000e-01  8.00000000e-01  8.00000000e-01  6.08158274e-09 -9.95784788e-10 -5.08579973e-09 -3.12250226e-17 
 2.50000000e+01  3.50000000e-01  8.00000000e-01  0.00000000e+00  8.00000000e-01  7.92282717e-10 -3.81945320e-09  3.02717144e-09  0.00000000e+00 
 2.50000000e+01  3.50000000e-01  8.00000000e-01  5.00000000e-02  8.00000000e-01  7.92282830e-10 -3.36521211e-09  2.57293019e-09  0.00000000e+00 
 2.50000000e+01  3.50000000e-01  8.00000000e-01  1.00000000e-01  8.00000000e-01  7.92282923e-10 -2.96286373e-09  2.17057941e-09  0.00000000e+00 
 2.50000000e+01  3.50000000e-01  8.00000000e-01  1.50000000e-01  8.00000000e-01  7.92282998e-10 -2.60794941e-09  1.81566713e-09  0.00000000e+00 
 2.50000000e+01  3.50000000e-01  8.00000000e-01  2.00000000e-01  8.00000000e-01  7.92283060e-10 -2.29634978e-09  1.50406596e-09  0.00000000e+00 
 2.50000000e+01  3.50000000e-01  8.00000000e-01  2.50000000e-01  8.00000000e-01  7.92283113e-10 -2.02423323e-09  1.23195167e-09  0.00000000e+00 
 2.50000000e+01  3.50000000e-01  8.00000000e-01  3.00000000e-01  8.00000000e-01  7.92283170e-10 -1.78806658e-09  9.95783122e-10  0.00000000e+00 
 2.50000000e+01  3.50000000e-01  8.00000000e-01  3.50000000e-01  8.00000000e-01  7.92283310e-10 -1.58456714e-09  7.92283310e-10  0.00000000e+00 
 2.50000000e+01  3.50000000e-01  8.00000000e-01  4.00000000e-01  8.00000000e-01  7.92284130e-10 -1.41070622e-09  6.18421285e-10  0.00000000e+00 
 2.50000000e+01  3.50000000e-01  8.00000000e-01  4.50000000e-01  8.00000000e-01  7.92289962e-10 -1.26368072e-09  4.71392328e-10  0.00000000e+00 
 2.50000000e+01  3.50000000e-01  8.00000000e-01  5.00000000e-01  8.00000000e-01  7.92331569e-10 -1.14090959e-09  3.48579710e-10  0.00000000e+00 
 2.50000000e+01  3.50000000e-01  8.00000000e-01  5.50000000e-01  8.00000000e-01  7.92624830e-10 -1.04000719e-09  2.47381421e-10  0.00000000e+00 
 2.50000000e+01  3.50000000e-01  8.00000000e-01  6.00000000e-01  8.00000000e-01  7.94659616e-10 -9.58767288e-10  1.64107597e-10 -3.46944695e-18 
 2.50000000e+01  3.50000000e-01  8.00000000e-01  6.50000000e-01  8.00000000e-01  8.08525239e-10 -8.95168384e-10  8.66422114e-11 -3.46944695e-18 
 2.50000000e+01  3.50000000e-01  8.00000000e-01  7.00000000e-01  8.00000000e-01  9.00702672e-10 -8.47341752e-10 -5.33612944e-11 -3.46944695e-18 
 2.50000000e+01  3.50000000e-01  8.00000000e-01  7.50000000e-01  8.00000000e-01  1.48982362e-09 -8.13573209e-10 -6.76250720e-10 -1.04083409e-17 
 2.50000000e+01  3.50000000e-01  8.00000000e-01  8.00000000e-01  8.00000000e-01  5.00692446e-09 -7.92283572e-10 -4.21464113e-09 -3.12250226e-17 
 2.50000000e+01  4.00000000e-01  8.00000000e-01  0.00000000e+00  8.00000000e-01  6.18417864e-10 -3.64559227e-09  3.02717509e-09  0.00000000e+00 
 2.50000000e+01  4.00000000e-01  8.00000000e-01  5.00000000e-02  8.00000000e-01  6.18418667e-10 -3.19135118e-09  2.57293315e-09  0.00000000e+00 
 2.50000000e+01  4.00000000e-01  8.00000000e-01  1.00000000e-01  8.00000000e-01  6.18419321e-10 -2.78900103e-09  2.17058180e-09  0.00000000e+00 
 2.50000000e+01  4.00000000e-01  8.00000000e-01  1.50000000e-01  8.00000000e-01  6.18419855e-10 -2.43408849e-09  1.81566906e-09  0.00000000e+00 
 2.50000000e+01  4.00000000e-01  8.00000000e-01  2.00000000e-01  8.00000000e-01  6.18420291e-10 -2.12248707e-09  1.50406752e-09  0.00000000e+00 
 2.50000000e+01  4.00000000e-01  8.00000000e-01  2.50000000e-01  8.00000000e-01  6.18420650e-10 -1.85037230e-09  1.23195293e-09  0.00000000e+00 
 2.50000000e+01  4.00000000e-01  8.00000000e-01  3.00000000e-01  8.00000000e-01  6.18420955e-10 -1.61420388e-09  9.95784132e-10  0.00000000e+00 
 2.50000000e+01  4.00000000e-01  8.00000000e-01  3.50000000e-01  8.00000000e-01  6.18421285e-10 -1.41070622e-09  7.92284130e-10  0.00000000e+00 
 2.50000000e+01  4.00000000e-01  8.00000000e-01  4.00000000e-01  8.00000000e-01  6.18422105e-10 -1.23684352e-09  6.18422105e-10  0.00000000e+00 
 2.50000000e+01  4.00000000e-01  8.00000000e-01  4.50000000e-01  8.00000000e-01  6.18426853e-10 -1.08982157e-09  4.71394232e-10  0.00000000e+00 
 2.50000000e+01  4.00000000e-01  8.00000000e-01  5.00000000e-01  8.00000000e-01  6.18460306e-10 -9.67050440e-10  3.48589768e-10  0.00000000e+00 
 2.50000000e+01  4.00000000e-01  8.00000000e-01  5.50000000e-01  8.00000000e-01  6.18696768e-10 -8.66148042e-10  2.47448278e-10  0.00000000e+00 
 2.50000000e+01  4.00000000e-01  8.00000000e-01  6.00000000e-01  8.00000000e-01  6.20345193e-10 -7.84906362e-10  1.64560815e-10 -3.46944695e-18 
 2.50000000e+01  4.00000000e-01  8.00000000e-01  6.50000000e-01  8.00000000e-01  6.31621625e-10 -7.21305682e-10  8.96846207e-11 -3.46944695e-18 
 2.50000000e+01  4.00000000e-01  8.00000000e-01  7.00000000e-01  8.00000000e-01  7.06894402e-10 -6.73480827e-10 -3.34142294e-11 -3.46944695e-18 
 2.50000000e+01  4.00000000e-01  8.00000000e-01  7.50000000e-01  8.00000000e-01  1.19069534e-09 -6.39712283e-10 -5.50983643e-10  0.00000000e+00 
 2.50000000e+01  4.00000000e-01  8.00000000e-01  8.00000000e-01  8.00000000e-01  4.10502926e-09 -6.18422646e-10 -3.48660714e-09 -1.38777878e-17 
 2.50000000e+01  4.50000000e-01  8.00000000e-01  0.00000000e+00  8.00000000e-01  4.71368925e-10 -3.49856855e-09  3.02720090e-09  0.00000000e+00 
 2.50000000e+01  4.50000000e-01  8.00000000e-01  5.00000000e-02  8.00000000e-01  4.71374571e-10 -3.04432568e-09  2.57295412e-09  0.00000000e+00 
 2.50000000e+01  4.50000000e-01  8.00000000e-01  1.00000000e-01  8.00000000e-01  4.71379176e-10 -2.64197730e-09  2.17059882e-09  0.00000000e+00 
 2.50000000e+01  4.50000000e-01  8.00000000e-01  1.50000000e-01  8.00000000e-01  4.71382931e-10 -2.28706476e-09  1.81568286e-09  0.00000000e+00 
 2.50000000e+01  4.50000000e-01  8.00000000e-01  2.00000000e-01  8.00000000e-01  4.71385997e-10 -1.97546512e-09  1.50407869e-09  0.00000000e+00 
 2.50000000e+01  4.50000000e-01  8.00000000e-01  2.50000000e-01  8.00000000e-01  4.71388504e-10 -1.70335035e-09  1.23196195e-09  0.00000000e+00 
 2.50000000e+01  4.50000000e-01  8.00000000e-01  3.00000000e-01  8.00000000e-01  4.71390570e-10 -1.46718193e-09  9.95791392e-10  0.00000000e+00 
 2.50000000e+01  4.50000000e-01  8.00000000e-01  3.50000000e-01  8.00000000e-01  4.71392328e-10 -1.26368072e-09  7.92289962e-10  0.00000000e+00 
 2.50000000e+01  4.50000000e-01  8.00000000e-01  4.00000000e-01  8.00000000e-01  4.71394232e-10 -1.08982157e-09  6.18426853e-10  0.00000000e+00 
 2.50000000e+01  4.50000000e-01  8.00000000e-01  4.50000000e-01  8.00000000e-01  4.71398980e-10 -9.42797840e-10  4.71398980e-10  0.00000000e+00 
 2.50000000e+01  4.50000000e-01  8.00000000e-01  5.00000000e-01  8.00000000e-01  4.71426281e-10 -8.20026713e-10  3.48600669e-10  0.00000000e+00 
 2.50000000e+01  4.50000000e-01  8.00000000e-01  5.50000000e-01  8.00000000e-01  4.71616604e-10 -7.19122539e-10  2.47505316e-10  0.00000000e+00 
 2.50000000e+01  4.50000000e-01  8.00000000e-01  6.00000000e-01  8.00000000e-01  4.72947298e-10 -6.37880859e-10  1.64935584e-10 -3.46944695e-18 
 2.50000000e+01  4.50000000e-01  8.00000000e-01  6.50000000e-01  8.00000000e-01  4.82096522e-10 -5.74283732e-10  9.21865986e-11 -3.46944695e-18 
 2.50000000e+01  4.50000000e-01  8.00000000e-01  7.00000000e-01  8.00000000e-01  5.43455083e-10 -5.26457100e-10 -1.69980355e-11 -3.46944695e-18 
 2.50000000e+01  4.50000000e-01  8.00000000e-01  7.50000000e-01  8.00000000e-01  9.40100749e-10 -4.92688557e-10 -4.47412179e-10  0.00000000e+00 
 2.50000000e+01  4.50000000e-01  8.00000000e-01  8.00000000e-01  8.00000000e-01  3.35040367e-09 -4.71400696e-10 -2.87900468e-09 -1.38777878e-17 
 2.50000000e+01  5.00000000e-01  8.00000000e-01  0.00000000e+00  8.00000000e-01  3.48417125e-10 -3.37579920e-09  3.02738169e-09  0.00000000e+00 
 2.50000000e+01  5.00000000e-01  8.00000000e-01  5.00000000e-02  8.00000000e-01  3.48456427e-10 -2.92155811e-09  2.57310125e-09  0.00000000e+00 
 2.50000000e+01  5.00000000e-01  8.00000000e-01  1.00000000e-01  8.00000000e-01  3.48488521e-10 -2.51920795e-09  2.17071847e-09  0.00000000e+00 
 2.50000000e+01  5.00000000e-01  8.00000000e-01  1.50000000e-01  8.00000000e-01  3.48514725e-10 -2.16429541e-09  1.81578006e-09  0.00000000e+00 
 2.50000000e+01  5.00000000e-01  8.00000000e-01  2.00000000e-01  8.00000000e-01  3.48536118e-10 -1.85269400e-09  1.50415756e-09  0.00000000e+00 
 2.50000000e+01  5.00000000e-01  8.00000000e-01  2.50000000e-01  8.00000000e-01  3.48553596e-10 -1.58057745e-09  1.23202585e-09  0.00000000e+00 
 2.50000000e+01  5.00000000e-01  8.00000000e-01  3.00000000e-01  8.00000000e-01  3.48567907e-10 -1.34441080e-09  9.95843044e-10  0.00000000e+00 
 2.50000000e+01  5.00000000e-01  8.00000000e-01  3.50000000e-01  8.00000000e-01  3.48579710e-10 -1.14090959e-09  7.92331569e-10  0.00000000e+00 
 2.50000000e+01  5.00000000e-01  8.00000000e-01  4.00000000e-01  8.00000000e-01  3.48589768e-10 -9.67050440e-10  6.18460306e-10  0.00000000e+00 
 2.50000000e+01  5.00000000e-01  8.00000000e-01  4.50000000e-01  8.00000000e-01  3.48600669e-10 -8.20026713e-10  4.71426281e-10  0.00000000e+00 
 2.50000000e+01  5.00000000e-01  8.00000000e-01  5.00000000e-01  8.00000000e-01  3.48627969e-10 -6.97255587e-10  3.48627969e-10  0.00000000e+00 
 2.50000000e+01  5.00000000e-01  8.00000000e-01  5.50000000e-01  8.00000000e-01  3.48783706e-10 -5.96353189e-10  2.47567204e-10  0.00000000e+00 
 2.50000000e+01  5.00000000e-01  8.00000000e-01  6.00000000e-01  8.00000000e-01  3.49856093e-10 -5.15113285e-10  1.65255779e-10 -3.46944695e-18 
 2.50000000e+01  5.00000000e-01  8.00000000e-01  6.50000000e-01  8.00000000e-01  3.57252806e-10 -4.51512605e-10  9.42593041e-11 -3.46944695e-18 
 2.50000000e+01  5.00000000e-01  8.00000000e-01  7.00000000e-01  8.00000000e-01  4.07146600e-10 -4.03685974e-10 -3.46056349e-12 -3.46944695e-18 
 2.50000000e+01  5.00000000e-01  8.00000000e-01  7.50000000e-01  8.00000000e-01  7.31686072e-10 -3.69917430e-10 -3.61768513e-10 -1.04083409e-17 
 2.50000000e+01  5.00000000e-01  8.00000000e-01  8.00000000e-01  8.00000000e-01  2.72104152e-09 -3.48627793e-10 -2.37241355e-09 -1.04083409e-17 
 2.50000000e+01  5.50000000e-01  8.00000000e-01  0.00000000e+00  8.00000000e-01  2.46261170e-10 -3.27489325e-09  3.02863262e-09  0.00000000e+00 
 2.50000000e+01  5.50000000e-01  8.00000000e-01  5.00000000e-02  8.00000000e-01  2.46531410e-10 -2.82065216e-09  2.57412124e-09  0.00000000e+00 
 2.50000000e+01  5.50000000e-01  8.00000000e-01  1.00000000e-01  8.00000000e-01  2.46752455e-10 -2.41830200e-09  2.17154951e-09  0.00000000e+00 
 2.50000000e+01  5.50000000e-01  8.00000000e-01  1.50000000e-01  8.00000000e-01  2.46933189e-10 -2.06338946e-09  1.81645657e-09  0.00000000e+00 
 2.50000000e+01  5.50000000e-01  8.00000000e-01  2.00000000e-01  8.00000000e-01  2.47080923e-10 -1.75179160e-09  1.50470772e-09  0.00000000e+00 
 2.50000000e+01  5.50000000e-01  8.00000000e-01  2.50000000e-01  8.00000000e-01  2.47201683e-10 -1.47967505e-09  1.23247273e-09  0.00000000e+00 
 2.50000000e+01  5.50000000e-01  8.00000000e-01  3.00000000e-01  8.00000000e-01  2.47300456e-10 -1.24350841e-09  9.96205466e-10  0.00000000e+00 
 2.50000000e+01  5.50000000e-01  8.00000000e-01  3.50000000e-01  8.00000000e-01  2.47381421e-10 -1.04000719e-09  7.92624830e-10  0.00000000e+00 
 2.50000000e+01  5.50000000e-01  8.00000000e-01  4.00000000e-01  8.00000000e-01  2.47448278e-10 -8.66148042e-10  6.18696768e-10  0.00000000e+00 
 2.50000000e+01  5.50000000e-01  8.00000000e-01  4.50000000e-01  8.00000000e-01  2.47505316e-10 -7.19122539e-10  4.71616604e-10  0.00000000e+00 
 2.50000000e+01  5.50000000e-01  8.00000000e-01  5.00000000e-01  8.00000000e-01  2.47567204e-10 -5.96353189e-10  3.48783706e-10  0.00000000e+00 
 2.50000000e+01  5.50000000e-01  8.00000000e-01  5.50000000e-01  8.00000000e-01  2.47722940e-10 -4.95449015e-10  2.47722940e-10  0.00000000e+00 
 2.50000000e+01  5.50000000e-01  8.00000000e-01  6.00000000e-01  8.00000000e-01  2.48603128e-10 -4.14209111e-10  1.65603715e-10 -3.46944695e-18 
 2.50000000e+01  5.50000000e-01  8.00000000e-01  6.50000000e-01  8.00000000e-01  2.54573509e-10 -3.50608431e-10  9.60335715e-11 -3.46944695e-18 
 2.50000000e+01  5.50000000e-01  8.00000000e-01  7.00000000e-01  8.00000000e-01  2.94996282e-10 -3.02783576e-10  7.78472575e-12 -3.46944695e-18 
 2.50000000e+01  5.50000000e-01  8.00000000e-01  7.50000000e-01  8.00000000e-01  5.59834290e-10 -2.69013256e-10 -2.90821761e-10  0.00000000e+00 
 2.50000000e+01  5.50000000e-01  8.00000000e-01  8.00000000e-01  8.00000000e-01  2.19787646e-09 -2.47725396e-10 -1.95015352e-09  0.00000000e+00 
 2.50000000e+01  6.00000000e-01  8.00000000e-01  0.00000000e+00  8.00000000e-01  1.56494941e-10 -3.19365512e-09  3.03715981e-09 -3.46944695e-18 
 2.50000000e+01  6.00000000e-01  8.00000000e-01  5.00000000e-02  8.00000000e-01  1.58324236e-10 -2.73941403e-09  2.58108938e-09 -3.46944695e-18 
 2.50000000e+01  6.00000000e-01  8.00000000e-01  1.00000000e-01  8.00000000e-01  1.59823602e-10 -2.33706388e-09  2.17723932e-09 -3.46944695e-18 
 2.50000000e+01  6.00000000e-01  8.00000000e-01  1.50000000e-01  8.00000000e-01  1.61051981e-10 -1.98215133e-09  1.82109874e-09 -3.46944695e-18 
 2.50000000e+01  6.00000000e-01  8.00000000e-01  2.00000000e-01  8.00000000e-01  1.62057896e-10 -1.67054992e-09  1.50849171e-09 -3.46944695e-18 
 2.50000000e+01  6.00000000e-01  8.00000000e-01  2.50000000e-01  8.00000000e-01  1.62881369e-10 -1.39843515e-09  1.23555401e-09 -3.46944695e-18 
 2.50000000e+01  6.00000000e-01  8.00000000e-01  3.00000000e-01  8.00000000e-01  1.63555463e-10 -1.16226850e-09  9.98711421e-10 -3.46944695e-18 
 2.50000000e+01  6.00000000e-01  8.00000000e-01  3.50000000e-01  8.00000000e-01  1.64107597e-10 -9.58767288e-10  7.94659616e-10 -3.46944695e-18 
 2.50000000e+01  6.00000000e-01  8.00000000e-01  4.00000000e-01  8.00000000e-01  1.64560815e-10 -7.84906362e-10  6.20345193e-10 -3.46944695e-18 
 2.50000000e+01  6.00000000e-01  8.00000000e-01  4.50000000e-01  8.00000000e-01  1.64935584e-10 -6.37880859e-10  4.72947298e-10 -3.46944695e-18 
 2.50000000e+01  6.00000000e-01  8.00000000e-01  5.00000000e-01  8.00000000e-01  1.65255779e-10 -5.15113285e-10  3.49856093e-10 -3.46944695e-18 
 2.50000000e+01  6.00000000e-01  8.00000000e-01  5.50000000e-01  8.00000000e-01  1.65603715e-10 -4.14209111e-10  2.48603128e-10 -3.46944695e-18 
 2.50000000e+01  6.00000000e-01  8.00000000e-01  6.00000000e-01  8.00000000e-01  1.66483902e-10 -3.32969208e-10  1.66483902e-10 -3.46944695e-18 
 2.50000000e+01  6.00000000e-01  8.00000000e-01  6.50000000e-01  8.00000000e-01  1.71402301e-10 -2.69368527e-10  9.79657403e-11 -3.46944695e-18 
 2.50000000e+01  6.00000000e-01  8.00000000e-01  7.00000000e-01  8.00000000e-01  2.04103840e-10 -2.21541896e-10  1.74381286e-11 -3.46944695e-18 
 2.50000000e+01  6.00000000e-01  8.00000000e-01  7.50000000e-01  8.00000000e-01  4.19399321e-10 -1.87773352e-10 -2.31625831e-10  0.00000000e+00 
 2.50000000e+01  6.00000000e-01  8.00000000e-01  8.00000000e-01  8.00000000e-01  1.76414695e-09 -1.66485492e-10 -1.59766304e-09 -1.04083409e-17 
 2.50000000e+01  6.50000000e-01  8.00000000e-01  0.00000000e+00  8.00000000e-01  3.59500533e-11 -3.13005621e-09  3.09410494e-09 -3.46944695e-18 
 2.50000000e+01  6.50000000e-01  8.00000000e-01  5.00000000e-02  8.00000000e-01  4.80597341e-11 -2.67581335e-09  2.62775412e-09 -3.46944695e-18 
 2.50000000e+01  6.50000000e-01  8.00000000e-01  1.00000000e-01  8.00000000e-01  5.80129193e-11 -2.27346320e-09  2.21545024e-09 -3.46944695e-18 
 2.50000000e+01  6.50000000e-01  8.00000000e-01  1.50000000e-01  8.00000000e-01  6.61901687e-11 -1.91855243e-09  1.85236079e-09 -3.46944695e-18 
 2.50000000e+01  6.50000000e-01  8.00000000e-01  2.00000000e-01  8.00000000e-01  7.29045613e-11 -1.60695102e-09  1.53404529e-09 -3.46944695e-18 
 2.50000000e+01  6.50000000e-01  8.00000000e-01  2.50000000e-01  8.00000000e-01  7.84147444e-11 -1.33483447e-09  1.25642087e-09 -3.46944695e-18 
 2.50000000e+01  6.50000000e-01  8.00000000e-01  3.00000000e-01  8.00000000e-01  8.29348069e-11 -1.09866782e-09  1.01573232e-09 -3.46944695e-18 
 2.50000000e+01  6.50000000e-01  8.00000000e-01  3.50000000e-01  8.00000000e-01  8.66422114e-11 -8.95168384e-10  8.08525239e-10 -3.46944695e-18 
 2.50000000e+01  6.50000000e-01  8.00000000e-01  4.00000000e-01  8.00000000e-01  8.96846207e-11 -7.21305682e-10  6.31621625e-10 -3.46944695e-18 
 2.50000000e+01  6.50000000e-01  8.00000000e-01  4.50000000e-01  8.00000000e-01  9.21865986e-11 -5.74283732e-10  4.82096522e-10 -3.46944695e-18 
 2.50000000e+01  6.50000000e-01  8.00000000e-01  5.00000000e-01  8.00000000e-01  9.42593041e-11 -4.51512605e-10  3.57252806e-10 -3.46944695e-18 
 2.50000000e+01  6.50000000e-01  8.00000000e-01  5.50000000e-01  8.00000000e-01  9.60335715e-11 -3.50608431e-10  2.54573509e-10 -3.46944695e-18 
 2.50000000e+01  6.50000000e-01  8.00000000e-01  6.00000000e-01  8.00000000e-01  9.79657403e-11 -2.69368527e-10  1.71402301e-10 -3.46944695e-18 
 2.50000000e+01  6.50000000e-01  8.00000000e-01  6.50000000e-01  8.00000000e-01  1.02884136e-10 -2.05769624e-10  1.02884136e-10 -3.46944695e-18 
 2.50000000e+01  6.50000000e-01  8.00000000e-01  7.00000000e-01  8.00000000e-01  1.29954588e-10 -1.57941216e-10  2.79876116e-11 -3.46944695e-18 
 2.50000000e+01  6.50000000e-01  8.00000000e-01  7.50000000e-01  8.00000000e-01  3.04747167e-10 -1.24174449e-10 -1.80573447e-10 -1.04083409e-17 
 2.50000000e+01  6.50000000e-01  8.00000000e-01  8.00000000e-01  8.00000000e-01  1.40421831e-09 -1.02883035e-10 -1.30133418e-09  0.00000000e+00 
 2.50000000e+01  7.00000000e-01  8.00000000e-01  0.00000000e+00  8.00000000e-01 -3.80078454e-10 -3.08222781e-09  3.46230737e-09 -3.46944695e-18 
 2.50000000e+01  7.00000000e-01  8.00000000e-01  5.00000000e-02  8.00000000e-01 -3.02761571e-10 -2.62798672e-09  2.93074935e-09 -3.46944695e-18 
 2.50000000e+01  7.00000000e-01  8.00000000e-01  1.00000000e-01  8.00000000e-01 -2.38943184e-10 -2.22563656e-09  2.46458027e-09 -3.46944695e-18 
 2.50000000e+01  7.00000000e-01  8.00000000e-01  1.50000000e-01  8.00000000e-01 -1.86282211e-10 -1.87072402e-09  2.05700709e-09 -3.46944695e-18 
 2.50000000e+01  7.00000000e-01  8.00000000e-01  2.00000000e-01  8.00000000e-01 -1.42855752e-10 -1.55912261e-09  1.70197953e-09 -3.46944695e-18 
 2.50000000e+01  7.00000000e-01  8.00000000e-01  2.50000000e-01  8.00000000e-01 -1.07071978e-10 -1.28700783e-09  1.39408152e-09 -3.46944695e-18 
 2.50000000e+01  7.00000000e-01  8.00000000e-01  3.00000000e-01  8.00000000e-01 -7.76077303e-11 -1.05084297e-09  1.12844878e-09 -3.46944695e-18 
 2.50000000e+01  7.00000000e-01  8.00000000e-01  3.50000000e-01  8.00000000e-01 -5.33612944e-11 -8.47341752e-10  9.00702672e-10 -3.46944695e-18 
 2.50000000e+01  7.00000000e-01  8.00000000e-01  4.00000000e-01  8.00000000e-01 -3.34142294e-11 -6.73480827e-10  7.06894402e-10 -3.46944695e-18 
 2.50000000e+01  7.00000000e-01  8.00000000e-01  4.50000000e-01  8.00000000e-01 -1.69980355e-11 -5.26457100e-10  5.43455083e-10 -3.46944695e-18 
 2.50000000e+01  7.00000000e-01  8.00000000e-01  5.00000000e-01  8.00000000e-01 -3.46056349e-12 -4.03685974e-10  4.07146600e-10 -3.46944695e-18 
 2.50000000e+01  7.00000000e-01  8.00000000e-01  5.50000000e-01  8.00000000e-01  7.78472575e-12 -3.02783576e-10  2.94996282e-10 -3.46944695e-18 
 2.50000000e+01  7.00000000e-01  8.00000000e-01  6.00000000e-01  8.00000000e-01  1.74381286e-11 -2.21541896e-10  2.04103840e-10 -3.46944695e-18 
 2.50000000e+01  7.00000000e-01  8.00000000e-01  6.50000000e-01  8.00000000e-01  2.79876116e-11 -1.57941216e-10  1.29954588e-10 -3.46944695e-18 
 2.50000000e+01  7.00000000e-01  8.00000000e-01  7.00000000e-01  8.00000000e-01  5.50580482e-11 -1.10116360e-10  5.50580482e-11 -3.46944695e-18 
 2.50000000e+01  7.00000000e-01  8.00000000e-01  7.50000000e-01  8.00000000e-01  2.00780826e-10 -7.63495933e-11 -1.24433208e-10 -1.04083409e-17 
 2.50000000e+01  7.00000000e-01  8.00000000e-01  8.00000000e-01  8.00000000e-01  1.09877845e-09 -5.50581802e-11 -1.04372042e-09 -3.46944695e-18 
 2.50000000e+01  7.50000000e-01  8.00000000e-01  0.00000000e+00  8.00000000e-01 -2.66526907e-09 -3.04846104e-09  5.71372953e-09 -2.77555756e-17 
 2.50000000e+01  7.50000000e-01  8.00000000e-01  5.00000000e-02  8.00000000e-01 -2.20209454e-09 -2.59421817e-09  4.79631385e-09 -2.77555756e-17 
 2.50000000e+01  7.50000000e-01  8.00000000e-01  1.00000000e-01  8.00000000e-01 -1.81706607e-09 -2.19186980e-09  4.00893470e-09 -1.04083409e-17 
 2.50000000e+01  7.50000000e-01  8.00000000e-01  1.50000000e-01  8.00000000e-01 -1.49701802e-09 -1.83695548e-09  3.33397443e-09 -1.38777878e-17 
 2.50000000e+01  7.50000000e-01  8.00000000e-01  2.00000000e-01  8.00000000e-01 -1.23116226e-09 -1.52535584e-09  2.75651757e-09 -3.46944695e-18 
 2.50000000e+01  7.50000000e-01  8.00000000e-01  2.50000000e-01  8.00000000e-01 -1.01054465e-09 -1.25324107e-09  2.26378572e-09 -1.04083409e-17 
 2.50000000e+01  7.50000000e-01  8.00000000e-01  3.00000000e-01  8.00000000e-01 -8.27672446e-10 -1.01707265e-09  1.84474502e-09 -1.04083409e-17 
 2.50000000e+01  7.50000000e-01  8.00000000e-01  3.50000000e-01  8.00000000e-01 -6.76250720e-10 -8.13573209e-10  1.48982362e-09 -1.04083409e-17 
 2.50000000e+01  7.50000000e-01  8.00000000e-01  4.00000000e-01  8.00000000e-01 -5.50983643e-10 -6.39712283e-10  1.19069534e-09  0.00000000e+00 
 2.50000000e+01  7.50000000e-01  8.00000000e-01  4.50000000e-01  8.00000000e-01 -4.47412179e-10 -4.92688557e-10  9.40100749e-10  0.00000000e+00 
 2.50000000e+01  7.50000000e-01  8.00000000e-01  5.00000000e-01  8.00000000e-01 -3.61768513e-10 -3.69917430e-10  7.31686072e-10 -1.04083409e-17 
 2.50000000e+01  7.50000000e-01  8.00000000e-01  5.50000000e-01  8.00000000e-01 -2.90821761e-10 -2.69013256e-10  5.59834290e-10  0.00000000e+00 
 2.50000000e+01  7.50000000e-01  8.00000000e-01  6.00000000e-01  8.00000000e-01 -2.31625831e-10 -1.87773352e-10  4.19399321e-10  0.00000000e+00 
 2.50000000e+01  7.50000000e-01  8.00000000e-01  6.50000000e-01  8.00000000e-01 -1.80573447e-10 -1.24174449e-10  3.04747167e-10 -1.04083409e-17 
 2.50000000e+01  7.50000000e-01  8.00000000e-01  7.00000000e-01  8.00000000e-01 -1.24433208e-10 -7.63495933e-11  2.00780826e-10 -1.04083409e-17 
 2.50000000e+01  7.50000000e-01  8.00000000e-01  7.50000000e-01  8.00000000e-01  2.12895220e-11 -4.25792734e-11  2.12895220e-11 -1.04083409e-17 
 2.50000000e+01  7.50000000e-01  8.00000000e-01  8.00000000e-01  8.00000000e-01  7.78418259e-10 -2.12896367e-11 -7.57128806e-10 -3.46944695e-18 
 2.50000000e+01  8.00000000e-01  8.00000000e-01  0.00000000e+00  8.00000000e-01 -1.51874542e-08 -3.02717140e-09  1.82146252e-08 -1.56125113e-16 
 2.50000000e+01  8.00000000e-01  8.00000000e-01  5.00000000e-02  8.00000000e-01 -1.26984080e-08 -2.57293031e-09  1.52713379e-08 -1.07552856e-16 
 2.50000000e+01  8.00000000e-01  8.00000000e-01  1.00000000e-01  8.00000000e-01 -1.06062720e-08 -2.17058016e-09  1.27768511e-08 -8.67361738e-17 
 2.50000000e+01  8.00000000e-01  8.00000000e-01  1.50000000e-01  8.00000000e-01 -8.84692141e-09 -1.81566584e-09  1.06625883e-08 -6.59194921e-17 
 2.50000000e+01  8.00000000e-01  8.00000000e-01  2.00000000e-01  8.00000000e-01 -7.36814963e-09 -1.50406798e-09  8.87221539e-09 -5.20417043e-17 
 2.50000000e+01  8.00000000e-01  8.00000000e-01  2.50000000e-01  8.00000000e-01 -6.12661576e-09 -1.23195143e-09  7.35856727e-09 -5.20417043e-17 
 2.50000000e+01  8.00000000e-01  8.00000000e-01  3.00000000e-01  8.00000000e-01 -5.08579973e-09 -9.95784788e-10  6.08158274e-09 -3.12250226e-17 
 2.50000000e+01  8.00000000e-01  8.00000000e-01  3.50000000e-01  8.00000000e-01 -4.21464113e-09 -7.92283572e-10  5.00692446e-09 -3.12250226e-17 
 2.50000000e+01  8.00000000e-01  8.00000000e-01  4.00000000e-01  8.00000000e-01 -3.48660714e-09 -6.18422646e-10  4.10502926e-09 -1.38777878e-17 
 2.50000000e+01  8.00000000e-01  8.00000000e-01  4.50000000e-01  8.00000000e-01 -2.87900468e-09 -4.71400696e-10  3.35040367e-09 -1.38777878e-17 
 2.50000000e+01  8.00000000e-01  8.00000000e-01  5.00000000e-01  8.00000000e-01 -2.37241355e-09 -3.48627793e-10  2.72104152e-09 -1.04083409e-17 
 2.50000000e+01  8.00000000e-01  8.00000000e-01  5.50000000e-01  8.00000000e-01 -1.95015352e-09 -2.47725396e-10  2.19787646e-09  0.00000000e+00 
 2.50000000e+01  8.00000000e-01  8.00000000e-01  6.00000000e-01  8.00000000e-01 -1.59766304e-09 -1.66485492e-10  1.76414695e-09 -1.04083409e-17 
 2.50000000e+01  8.00000000e-01  8.00000000e-01  6.50000000e-01  8.00000000e-01 -1.30133418e-09 -1.02883035e-10  1.40421831e-09  0.00000000e+00 
 2.50000000e+01  8.00000000e-01  8.00000000e-01  7.00000000e-01  8.00000000e-01 -1.04372042e-09 -5.50581802e-11  1.09877845e-09 -3.46944695e-18 
 2.50000000e+01  8.00000000e-01  8.00000000e-01  7.50000000e-01  8.00000000e-01 -7.57128806e-10 -2.12896367e-11  7.78418259e-10 -3.46944695e-18 
 2.50000000e+01  8.00000000e-01  8.00000000e-01  8.00000000e-01  8.00000000e-01  1.73069799e-19  1.77635684e-15  1.73069818e-19 -1.04083409e-17 
