 2.50000000e+01  0.00000000e+00  0.00000000e+00  0.00000000e+00  8.00000000e-01  2.30464029e-19  4.65856867e-14  2.30464029e-19 -4.65877337e-14 
 2.50000000e+01  0.00000000e+00  0.00000000e+00  5.00000000e-02  8.00000000e-01  4.49576003e-10  1.03191232e-11 -4.59848502e-10 -4.66293670e-14 
 2.50000000e+01  0.00000000e+00  0.00000000e+00  1.00000000e-01  8.00000000e-01  3.20426245e-09  1.10200260e-11 -3.21523563e-09 -4.68514116e-14 
 2.50000000e+01  0.00000000e+00  0.00000000e+00  1.50000000e-01  8.00000000e-01  1.83030875e-08  4.80558086e-12 -1.83078451e-08 -4.80067375e-14 
 2.50000000e+01  0.00000000e+00  0.00000000e+00  2.00000000e-01  8.00000000e-01  8.78305769e-08  2.32512848e-11 -8.78537754e-08 -5.28188604e-14 
 2.50000000e+01  0.00000000e+00  0.00000000e+00  2.50000000e-01  8.00000000e-01  3.48169184e-07  1.02458262e-10 -3.48271573e-07 -6.88789303e-14 
 2.50000000e+01  0.00000000e+00  0.00000000e+00  3.00000000e-01  8.00000000e-01  1.07579881e-06  3.15728924e-10 -1.07611442e-06 -1.13964393e-13 
 2.50000000e+01  0.00000000e+00  0.00000000e+00  3.50000000e-01  8.00000000e-01  2.48910389e-06  6.75933083e-10 -2.48977959e-06 -2.28515123e-13 
 2.50000000e+01  0.00000000e+00  0.00000000e+00  4.00000000e-01  8.00000000e-01  4.51913585e-06  1.16350005e-09 -4.52029884e-06 -5.05252090e-13 
 2.50000000e+01  0.00000000e+00  0.00000000e+00  4.50000000e-01  8.00000000e-01  6.95227919e-06  1.77914471e-09 -6.95405717e-06 -1.15927060e-12 
 2.50000000e+01  0.00000000e+00  0.00000000e+00  5.00000000e-01  8.00000000e-01  9.61378114e-06  2.53195717e-09 -9.61631041e-06 -2.69102449e-12 
 2.50000000e+01  0.00000000e+00  0.00000000e+00  5.50000000e-01  8.00000000e-01  1.23973322e-05  3.43374708e-09 -1.24007597e-05 -6.26480118e-12 
 2.50000000e+01  0.00000000e+00  0.00000000e+00  6.00000000e-01  8.00000000e-01  1.52404324e-05  4.49884280e-09 -1.52449167e-05 -1.45876401e-11 
 2.50000000e+01  0.00000000e+00  0.00000000e+00  6.50000000e-01  8.00000000e-01  1.81041060e-05  5.74596240e-09 -1.81098180e-05 -3.39429283e-11 
 2.50000000e+01  0.00000000e+00  0.00000000e+00  7.00000000e-01  8.00000000e-01  2.09624603e-05  7.20288255e-09 -2.09695843e-05 -7.88731302e-11 
 2.50000000e+01  0.00000000e+00  0.00000000e+00  7.50000000e-01  8.00000000e-01  2.37976708e-05  8.91714275e-09 -2.38064051e-05 -1.82858548e-10 
 2.50000000e+01  0.00000000e+00  0.00000000e+00  8.00000000e-01  8.00000000e-01  2.65973713e-05  1.09799906e-08 -2.66079291e-05 -4.22216755e-10 
 2.50000000e+01  5.00000000e-02  0.00000000e+00  0.00000000e+00  8.00000000e-01 -4.59848502e-10  1.03191232e-11  4.49576003e-10 -4.66293670e-14 
 2.50000000e+01  5.00000000e-02  0.00000000e+00  5.00000000e-02  8.00000000e-01 -1.02689928e-11  2.05846023e-11 -1.02689928e-11 -4.66258976e-14 
 2.50000000e+01  5.00000000e-02  0.00000000e+00  1.00000000e-01  8.00000000e-01  2.28930519e-09  2.12859421e-11 -2.31054433e-09 -4.68063088e-14 
 2.50000000e+01  5.00000000e-02  0.00000000e+00  1.50000000e-01  8.00000000e-01  1.47882903e-08  1.50723929e-11 -1.48033149e-08 -4.77916318e-14 
 2.50000000e+01  5.00000000e-02  0.00000000e+00  2.00000000e-01  8.00000000e-01  7.32912025e-08  3.35198399e-11 -7.33246704e-08 -5.19896626e-14 
 2.50000000e+01  5.00000000e-02  0.00000000e+00  2.50000000e-01  8.00000000e-01  2.98019778e-07  1.12699548e-10 -2.98132411e-07 -6.62699062e-14 
 2.50000000e+01  5.00000000e-02  0.00000000e+00  3.00000000e-01  8.00000000e-01  9.48918194e-07  3.25733748e-10 -9.49243821e-07 -1.06904069e-13 
 2.50000000e+01  5.00000000e-02  0.00000000e+00  3.50000000e-01  8.00000000e-01  2.26015272e-06  6.85332412e-10 -2.26083784e-06 -2.11081153e-13 
 2.50000000e+01  5.00000000e-02  0.00000000e+00  4.00000000e-01  8.00000000e-01  4.19247645e-06  1.17201337e-09 -4.19364800e-06 -4.64420169e-13 
 2.50000000e+01  5.00000000e-02  0.00000000e+00  4.50000000e-01  8.00000000e-01  6.54231555e-06  1.78656657e-09 -6.54410105e-06 -1.06544981e-12 
 2.50000000e+01  5.00000000e-02  0.00000000e+00  5.00000000e-01  8.00000000e-01  9.13299815e-06  2.53803930e-09 -9.13553372e-06 -2.47580775e-12 
 2.50000000e+01  5.00000000e-02  0.00000000e+00  5.50000000e-01  8.00000000e-01  1.18551498e-05  3.43810810e-09 -1.18585822e-05 -5.76967293e-12 
 2.50000000e+01  5.00000000e-02  0.00000000e+00  6.00000000e-01  8.00000000e-01  1.46442956e-05  4.50084880e-09 -1.46487830e-05 -1.34449570e-11 
 2.50000000e+01  5.00000000e-02  0.00000000e+00  6.50000000e-01  8.00000000e-01  1.74602419e-05  5.74446115e-09 -1.74659550e-05 -3.13018188e-11 
 2.50000000e+01  5.00000000e-02  0.00000000e+00  7.00000000e-01  8.00000000e-01  2.02762418e-05  7.19558238e-09 -2.02833646e-05 -7.27713896e-11 
 2.50000000e+01  5.00000000e-02  0.00000000e+00  7.50000000e-01  8.00000000e-01  2.30737962e-05  8.89919563e-09 -2.30825266e-05 -1.68801719e-10 
 2.50000000e+01  5.00000000e-02  0.00000000e+00  8.00000000e-01  8.00000000e-01  2.58399737e-05  1.09408568e-08 -2.58505245e-05 -3.90040826e-10 
 2.50000000e+01  1.00000000e-01  0.00000000e+00  0.00000000e+00  8.00000000e-01 -3.21523563e-09  1.10200260e-11  3.20426245e-09 -4.68514116e-14 
 2.50000000e+01  1.00000000e-01  0.00000000e+00  5.00000000e-02  8.00000000e-01 -2.31054433e-09  2.12859421e-11  2.28930519e-09 -4.68063088e-14 
 2.50000000e+01  1.00000000e-01  0.00000000e+00  1.00000000e-01  8.00000000e-01 -1.09247134e-11  2.18961949e-11 -1.09247134e-11 -4.67716144e-14 
 2.50000000e+01  1.00000000e-01  0.00000000e+00  1.50000000e-01  8.00000000e-01  1.07000259e-08  1.56871818e-11 -1.07156655e-08 -4.76042816e-14 
 2.50000000e+01  1.00000000e-01  0.00000000e+00  2.00000000e-01  8.00000000e-01  6.00231698e-08  3.41426403e-11 -6.00572611e-08 -5.12680176e-14 
 2.50000000e+01  1.00000000e-01  0.00000000e+00  2.50000000e-01  8.00000000e-01  2.52812613e-07  1.13321482e-10 -2.52925871e-07 -6.39523157e-14 
 2.50000000e+01  1.00000000e-01  0.00000000e+00  3.00000000e-01  8.00000000e-01  8.31114549e-07  3.26197546e-10 -8.31440646e-07 -1.00541103e-13 
 2.50000000e+01  1.00000000e-01  0.00000000e+00  3.50000000e-01  8.00000000e-01  2.04053821e-06  6.85338758e-10 -2.04122335e-06 -1.95236188e-13 
 2.50000000e+01  1.00000000e-01  0.00000000e+00  4.00000000e-01  8.00000000e-01  3.87192311e-06  1.17136990e-09 -3.87309406e-06 -4.27050756e-13 
 2.50000000e+01  1.00000000e-01  0.00000000e+00  4.50000000e-01  8.00000000e-01  6.13434816e-06  1.78516895e-09 -6.13613235e-06 -9.79195891e-13 
 2.50000000e+01  1.00000000e-01  0.00000000e+00  5.00000000e-01  8.00000000e-01  8.65048391e-06  2.53573681e-09 -8.65301737e-06 -2.27761213e-12 
 2.50000000e+01  1.00000000e-01  0.00000000e+00  5.50000000e-01  8.00000000e-01  1.13081937e-05  3.43461121e-09 -1.13116230e-05 -5.31322208e-12 
 2.50000000e+01  1.00000000e-01  0.00000000e+00  6.00000000e-01  8.00000000e-01  1.40410149e-05  4.49562174e-09 -1.40454981e-05 -1.23909806e-11 
 2.50000000e+01  1.00000000e-01  0.00000000e+00  6.50000000e-01  8.00000000e-01  1.68074433e-05  5.73648136e-09 -1.68131510e-05 -2.88647335e-11 
 2.50000000e+01  1.00000000e-01  0.00000000e+00  7.00000000e-01  8.00000000e-01  1.95797757e-05  7.18276958e-09 -1.95868914e-05 -6.71384615e-11 
 2.50000000e+01  1.00000000e-01  0.00000000e+00  7.50000000e-01  8.00000000e-01  2.23387460e-05  8.87710109e-09 -2.23474673e-05 -1.55816599e-10 
 2.50000000e+01  1.00000000e-01  0.00000000e+00  8.00000000e-01  8.00000000e-01  2.50707796e-05  1.08997498e-08 -2.50813191e-05 -3.60287231e-10 
 2.50000000e+01  1.50000000e-01  0.00000000e+00  0.00000000e+00  8.00000000e-01 -1.83078451e-08  4.80558086e-12  1.83030875e-08 -4.80067375e-14 
 2.50000000e+01  1.50000000e-01  0.00000000e+00  5.00000000e-02  8.00000000e-01 -1.48033149e-08  1.50723929e-11  1.47882903e-08 -4.77916318e-14 
 2.50000000e+01  1.50000000e-01  0.00000000e+00  1.00000000e-01  8.00000000e-01 -1.07156655e-08  1.56871818e-11  1.07000259e-08 -4.76042816e-14 
 2.50000000e+01  1.50000000e-01  0.00000000e+00  1.50000000e-01  8.00000000e-01 -4.25409813e-12  8.55565078e-12 -4.25409813e-12 -4.74550954e-14 
 2.50000000e+01  1.50000000e-01  0.00000000e+00  2.00000000e-01  8.00000000e-01  4.34795640e-08  2.70548342e-11 -4.35065682e-08 -5.06400477e-14 
 2.50000000e+01  1.50000000e-01  0.00000000e+00  2.50000000e-01  8.00000000e-01  2.09220126e-07  1.06293261e-10 -2.09326357e-07 -6.19018725e-14 
 2.50000000e+01  1.50000000e-01  0.00000000e+00  3.00000000e-01  8.00000000e-01  7.18612021e-07  3.19164308e-10 -7.18931090e-07 -9.48199852e-14 
 2.50000000e+01  1.50000000e-01  0.00000000e+00  3.50000000e-01  8.00000000e-01  1.82523999e-06  6.78127892e-10 -1.82591793e-06 -1.80865739e-13 
 2.50000000e+01  1.50000000e-01  0.00000000e+00  4.00000000e-01  8.00000000e-01  3.55046614e-06  1.16394367e-09 -3.55162969e-06 -3.92897520e-13 
 2.50000000e+01  1.50000000e-01  0.00000000e+00  4.50000000e-01  8.00000000e-01  5.71936397e-06  1.77758013e-09 -5.72114065e-06 -9.00030050e-13 
 2.50000000e+01  1.50000000e-01  0.00000000e+00  5.00000000e-01  8.00000000e-01  8.15575976e-06  2.52796723e-09 -8.15828564e-06 -2.09519208e-12 
 2.50000000e+01  1.50000000e-01  0.00000000e+00  5.50000000e-01  8.00000000e-01  1.07451511e-05  3.42648119e-09 -1.07485727e-05 -4.89261756e-12 
 2.50000000e+01  1.50000000e-01  0.00000000e+00  6.00000000e-01  8.00000000e-01  1.34189556e-05  4.48670167e-09 -1.34234309e-05 -1.14190636e-11 
 2.50000000e+01  1.50000000e-01  0.00000000e+00  6.50000000e-01  8.00000000e-01  1.61341135e-05  5.72587995e-09 -1.61398127e-05 -2.66162196e-11 
 2.50000000e+01  1.50000000e-01  0.00000000e+00  7.00000000e-01  8.00000000e-01  1.88617365e-05  7.16861239e-09 -1.88688432e-05 -6.19388395e-11 
 2.50000000e+01  1.50000000e-01  0.00000000e+00  7.50000000e-01  8.00000000e-01  2.15816094e-05  8.85531955e-09 -2.15903209e-05 -1.43822631e-10 
 2.50000000e+01  1.50000000e-01  0.00000000e+00  8.00000000e-01  8.00000000e-01  2.42793758e-05  1.08613751e-08 -2.42899044e-05 -3.32777240e-10 
 2.50000000e+01  2.00000000e-01  0.00000000e+00  0.00000000e+00  8.00000000e-01 -8.78537754e-08  2.32512848e-11  8.78305769e-08 -5.28188604e-14 
 2.50000000e+01  2.00000000e-01  0.00000000e+00  5.00000000e-02  8.00000000e-01 -7.33246704e-08  3.35198399e-11  7.32912025e-08 -5.19896626e-14 
 2.50000000e+01  2.00000000e-01  0.00000000e+00  1.00000000e-01  8.00000000e-01 -6.00572611e-08  3.41426403e-11  6.00231698e-08 -5.12680176e-14 
 2.50000000e+01  2.00000000e-01  0.00000000e+00  1.50000000e-01  8.00000000e-01 -4.35065682e-08  2.70548342e-11  4.34795640e-08 -5.06400477e-14 
 2.50000000e+01  2.00000000e-01  0.00000000e+00  2.00000000e-01  8.00000000e-01 -1.87268746e-11  3.75038535e-11 -1.87268746e-11 -5.01126918e-14 
 2.50000000e+01  2.00000000e-01  0.00000000e+00  2.50000000e-01  8.00000000e-01  1.47731714e-07  1.17110790e-10 -1.47848765e-07 -6.01081684e-14 
 2.50000000e+01  2.00000000e-01  0.00000000e+00  3.00000000e-01  8.00000000e-01  5.96011881e-07  3.30339047e-10 -5.96342131e-07 -8.97372454e-14 
 2.50000000e+01  2.00000000e-01  0.00000000e+00  3.50000000e-01  8.00000000e-01  1.59745738e-06  6.89689810e-10 -1.59814691e-06 -1.67900416e-13 
 2.50000000e+01  2.00000000e-01  0.00000000e+00  4.00000000e-01  8.00000000e-01  3.20811885e-06  1.17611466e-09 -3.20929460e-06 -3.61811275e-13 
 2.50000000e+01  2.00000000e-01  0.00000000e+00  4.50000000e-01  8.00000000e-01  5.27475650e-06  1.79064086e-09 -5.27654632e-06 -8.27518609e-13 
 2.50000000e+01  2.00000000e-01  0.00000000e+00  5.00000000e-01  8.00000000e-01  7.62500554e-06  2.54206094e-09 -7.62754567e-06 -1.92757962e-12 
 2.50000000e+01  2.00000000e-01  0.00000000e+00  5.50000000e-01  8.00000000e-01  1.01422084e-05  3.44154256e-09 -1.01456454e-05 -4.50533708e-12 
 2.50000000e+01  2.00000000e-01  0.00000000e+00  6.00000000e-01  8.00000000e-01  1.27550921e-05  4.50240184e-09 -1.27595840e-05 -1.05231483e-11 
 2.50000000e+01  2.00000000e-01  0.00000000e+00  6.50000000e-01  8.00000000e-01  1.54184346e-05  5.74144975e-09 -1.54241515e-05 -2.45421218e-11 
 2.50000000e+01  2.00000000e-01  0.00000000e+00  7.00000000e-01  8.00000000e-01  1.81017013e-05  7.18236978e-09 -1.81088266e-05 -5.71397686e-11 
 2.50000000e+01  2.00000000e-01  0.00000000e+00  7.50000000e-01  8.00000000e-01  2.07834084e-05  8.86355215e-09 -2.07921392e-05 -1.32745329e-10 
 2.50000000e+01  2.00000000e-01  0.00000000e+00  8.00000000e-01  8.00000000e-01  2.34482037e-05  1.08558278e-08 -2.34587522e-05 -3.07345070e-10 
 2.50000000e+01  2.50000000e-01  0.00000000e+00  0.00000000e+00  8.00000000e-01 -3.48271573e-07  1.02458262e-10  3.48169184e-07 -6.88789303e-14 
 2.50000000e+01  2.50000000e-01  0.00000000e+00  5.00000000e-02  8.00000000e-01 -2.98132411e-07  1.12699548e-10  2.98019778e-07 -6.62699062e-14 
 2.50000000e+01  2.50000000e-01  0.00000000e+00  1.00000000e-01  8.00000000e-01 -2.52925871e-07  1.13321482e-10  2.52812613e-07 -6.39523157e-14 
 2.50000000e+01  2.50000000e-01  0.00000000e+00  1.50000000e-01  8.00000000e-01 -2.09326357e-07  1.06293261e-10  2.09220126e-07 -6.19018725e-14 
 2.50000000e+01  2.50000000e-01  0.00000000e+00  2.00000000e-01  8.00000000e-01 -1.47848765e-07  1.17110790e-10  1.47731714e-07 -6.01081684e-14 
 2.50000000e+01  2.50000000e-01  0.00000000e+00  2.50000000e-01  8.00000000e-01 -7.23010257e-11  1.44660591e-10 -7.23010257e-11 -5.85538562e-14 
 2.50000000e+01  2.50000000e-01  0.00000000e+00  3.00000000e-01  8.00000000e-01  3.94443894e-07  3.59713840e-10 -3.94803523e-07 -8.52616588e-14 
 2.50000000e+01  2.50000000e-01  0.00000000e+00  3.50000000e-01  8.00000000e-01  1.29527685e-06  7.20612361e-10 -1.29599731e-06 -1.56322871e-13 
 2.50000000e+01  2.50000000e-01  0.00000000e+00  4.00000000e-01  8.00000000e-01  2.78519113e-06  1.20905408e-09 -2.78639985e-06 -3.33705286e-13 
 2.50000000e+01  2.50000000e-01  0.00000000e+00  4.50000000e-01  8.00000000e-01  4.74308697e-06  1.82614646e-09 -4.74491235e-06 -7.61401359e-13 
 2.50000000e+01  2.50000000e-01  0.00000000e+00  5.00000000e-01  8.00000000e-01  7.00441881e-06  2.58046520e-09 -7.00699750e-06 -1.77388659e-12 
 2.50000000e+01  2.50000000e-01  0.00000000e+00  5.50000000e-01  8.00000000e-01  9.45005737e-06  3.48290880e-09 -9.45353613e-06 -4.14913590e-12 
 2.50000000e+01  2.50000000e-01  0.00000000e+00  6.00000000e-01  8.00000000e-01  1.20048066e-05  4.54650706e-09 -1.20093434e-05 -9.69779118e-12 
 2.50000000e+01  2.50000000e-01  0.00000000e+00  6.50000000e-01  8.00000000e-01  1.46202826e-05  5.78764494e-09 -1.46260476e-05 -2.26294677e-11 
 2.50000000e+01  2.50000000e-01  0.00000000e+00  7.00000000e-01  8.00000000e-01  1.72636695e-05  7.22915585e-09 -1.72708460e-05 -5.27111410e-11 
 2.50000000e+01  2.50000000e-01  0.00000000e+00  7.50000000e-01  8.00000000e-01  1.99118464e-05  8.90755095e-09 -1.99206315e-05 -1.22515897e-10 
 2.50000000e+01  2.50000000e-01  0.00000000e+00  8.00000000e-01  8.00000000e-01  2.25482606e-05  1.08894514e-08 -2.25588662e-05 -2.83837009e-10 
 2.50000000e+01  3.00000000e-01  0.00000000e+00  0.00000000e+00  8.00000000e-01 -1.07611442e-06  3.15728924e-10  1.07579881e-06 -1.13964393e-13 
 2.50000000e+01  3.00000000e-01  0.00000000e+00  5.00000000e-02  8.00000000e-01 -9.49243821e-07  3.25733748e-10  9.48918194e-07 -1.06904069e-13 
 2.50000000e+01  3.00000000e-01  0.00000000e+00  1.00000000e-01  8.00000000e-01 -8.31440646e-07  3.26197546e-10  8.31114549e-07 -1.00541103e-13 
 2.50000000e+01  3.00000000e-01  0.00000000e+00  1.50000000e-01  8.00000000e-01 -7.18931090e-07  3.19164308e-10  7.18612021e-07 -9.48199852e-14 
 2.50000000e+01  3.00000000e-01  0.00000000e+00  2.00000000e-01  8.00000000e-01 -5.96342131e-07  3.30339047e-10  5.96011881e-07 -8.97372454e-14 
 2.50000000e+01  3.00000000e-01  0.00000000e+00  2.50000000e-01  8.00000000e-01 -3.94803523e-07  3.59713840e-10  3.94443894e-07 -8.52616588e-14 
 2.50000000e+01  3.00000000e-01  0.00000000e+00  3.00000000e-01  8.00000000e-01 -2.01022612e-10  4.02126529e-10 -2.01022612e-10 -8.13203671e-14 
 2.50000000e+01  3.00000000e-01  0.00000000e+00  3.50000000e-01  8.00000000e-01  7.91463474e-07  7.67668223e-10 -7.92230996e-07 -1.46004736e-13 
 2.50000000e+01  3.00000000e-01  0.00000000e+00  4.00000000e-01  8.00000000e-01  2.16476440e-06  1.26006871e-09 -2.16602416e-06 -3.08378323e-13 
 2.50000000e+01  3.00000000e-01  0.00000000e+00  4.50000000e-01  8.00000000e-01  4.02073577e-06  1.88195520e-09 -4.02261702e-06 -7.01272374e-13 
 2.50000000e+01  3.00000000e-01  0.00000000e+00  5.00000000e-01  8.00000000e-01  6.20307997e-06  2.64168266e-09 -6.20572002e-06 -1.63319705e-12 
 2.50000000e+01  3.00000000e-01  0.00000000e+00  5.50000000e-01  8.00000000e-01  8.58913238e-06  3.54984213e-09 -8.59267840e-06 -3.82187684e-12 
 2.50000000e+01  3.00000000e-01  0.00000000e+00  6.00000000e-01  8.00000000e-01  1.10984122e-05  4.61913776e-09 -1.11030224e-05 -8.93782617e-12 
 2.50000000e+01  3.00000000e-01  0.00000000e+00  6.50000000e-01  8.00000000e-01  1.36784681e-05  5.86551395e-09 -1.36843127e-05 -2.08662254e-11 
 2.50000000e+01  3.00000000e-01  0.00000000e+00  7.00000000e-01  8.00000000e-01  1.62937370e-05  7.31098678e-09 -1.63009993e-05 -4.86250797e-11 
 2.50000000e+01  3.00000000e-01  0.00000000e+00  7.50000000e-01  8.00000000e-01  1.89192695e-05  8.99030952e-09 -1.89281467e-05 -1.13070654e-10 
 2.50000000e+01  3.00000000e-01  0.00000000e+00  8.00000000e-01  8.00000000e-01  2.15372695e-05  1.09661901e-08 -2.15479736e-05 -2.62110438e-10 
 2.50000000e+01  3.50000000e-01  0.00000000e+00  0.00000000e+00  8.00000000e-01 -2.48977959e-06  6.75933083e-10  2.48910389e-06 -2.28515123e-13 
 2.50000000e+01  3.50000000e-01  0.00000000e+00  5.00000000e-02  8.00000000e-01 -2.26083784e-06  6.85332412e-10  2.26015272e-06 -2.11081153e-13 
 2.50000000e+01  3.50000000e-01  0.00000000e+00  1.00000000e-01  8.00000000e-01 -2.04122335e-06  6.85338758e-10  2.04053821e-06 -1.95236188e-13 
 2.50000000e+01  3.50000000e-01  0.00000000e+00  1.50000000e-01  8.00000000e-01 -1.82591793e-06  6.78127892e-10  1.82523999e-06 -1.80865739e-13 
 2.50000000e+01  3.50000000e-01  0.00000000e+00  2.00000000e-01  8.00000000e-01 -1.59814691e-06  6.89689810e-10  1.59745738e-06 -1.67900416e-13 
 2.50000000e+01  3.50000000e-01  0.00000000e+00  2.50000000e-01  8.00000000e-01 -1.29599731e-06  7.20612361e-10  1.29527685e-06 -1.56322871e-13 
 2.50000000e+01  3.50000000e-01  0.00000000e+00  3.00000000e-01  8.00000000e-01 -7.92230996e-07  7.67668223e-10  7.91463474e-07 -1.46004736e-13 
 2.50000000e+01  3.50000000e-01  0.00000000e+00  3.50000000e-01  8.00000000e-01 -4.14315507e-10  8.28767765e-10 -4.14315507e-10 -1.36755191e-13 
 2.50000000e+01  3.50000000e-01  0.00000000e+00  4.00000000e-01  8.00000000e-01  1.24856830e-06  1.32928981e-09 -1.24989730e-06 -2.85455687e-13 
 2.50000000e+01  3.50000000e-01  0.00000000e+00  4.50000000e-01  8.00000000e-01  3.01395707e-06  1.95791645e-09 -3.01591434e-06 -6.46451642e-13 
 2.50000000e+01  3.50000000e-01  0.00000000e+00  5.00000000e-01  8.00000000e-01  5.13538764e-06  2.72561596e-09 -5.13811175e-06 -1.50430710e-12 
 2.50000000e+01  3.50000000e-01  0.00000000e+00  5.50000000e-01  8.00000000e-01  7.48206592e-06  3.64254560e-09 -7.48570494e-06 -3.52108967e-12 
 2.50000000e+01  3.50000000e-01  0.00000000e+00  6.00000000e-01  8.00000000e-01  9.96609064e-06  4.72103492e-09 -9.97080344e-06 -8.23808383e-12 
 2.50000000e+01  3.50000000e-01  0.00000000e+00  6.50000000e-01  8.00000000e-01  1.25299437e-05  5.97655509e-09 -1.25359010e-05 -1.92407999e-11 
 2.50000000e+01  3.50000000e-01  0.00000000e+00  7.00000000e-01  8.00000000e-01  1.51349048e-05  7.43030595e-09 -1.51422903e-05 -4.48553555e-11 
 2.50000000e+01  3.50000000e-01  0.00000000e+00  7.50000000e-01  8.00000000e-01  1.77540847e-05  9.11536160e-09 -1.77630957e-05 -1.04350206e-10 
 2.50000000e+01  3.50000000e-01  0.00000000e+00  8.00000000e-01  8.00000000e-01  2.03684762e-05  1.10907597e-08 -2.03793249e-05 -2.42032668e-10 
 2.50000000e+01  4.00000000e-01  0.00000000e+00  0.00000000e+00  8.00000000e-01 -4.52029884e-06  1.16350005e-09  4.51913585e-06 -5.05252090e-13 
 2.50000000e+01  4.00000000e-01  0.00000000e+00  5.00000000e-02  8.00000000e-01 -4.19364800e-06  1.17201337e-09  4.19247645e-06 -4.64420169e-13 
 2.50000000e+01  4.00000000e-01  0.00000000e+00  1.00000000e-01  8.00000000e-01 -3.87309406e-06  1.17136990e-09  3.87192311e-06 -4.27050756e-13 
 2.50000000e+01  4.00000000e-01  0.00000000e+00  1.50000000e-01  8.00000000e-01 -3.55162969e-06  1.16394367e-09  3.55046614e-06 -3.92897520e-13 
 2.50000000e+01  4.00000000e-01  0.00000000e+00  2.00000000e-01  8.00000000e-01 -3.20929460e-06  1.17611466e-09  3.20811885e-06 -3.61811275e-13 
 2.50000000e+01  4.00000000e-01  0.00000000e+00  2.50000000e-01  8.00000000e-01 -2.78639985e-06  1.20905408e-09  2.78519113e-06 -3.33705286e-13 
 2.50000000e+01  4.00000000e-01  0.00000000e+00  3.00000000e-01  8.00000000e-01 -2.16602416e-06  1.26006871e-09  2.16476440e-06 -3.08378323e-13 
 2.50000000e+01  4.00000000e-01  0.00000000e+00  3.50000000e-01  8.00000000e-01 -1.24989730e-06  1.32928981e-09  1.24856830e-06 -2.85455687e-13 
 2.50000000e+01  4.00000000e-01  0.00000000e+00  4.00000000e-01  8.00000000e-01 -7.06310929e-10  1.41288644e-09 -7.06310929e-10 -2.64580025e-13 
 2.50000000e+01  4.00000000e-01  0.00000000e+00  4.50000000e-01  8.00000000e-01  1.67893572e-06  2.05360778e-09 -1.68098873e-06 -5.96273031e-13 
 2.50000000e+01  4.00000000e-01  0.00000000e+00  5.00000000e-01  8.00000000e-01  3.75649374e-06  2.83073831e-09 -3.75932310e-06 -1.38597814e-12 
 2.50000000e+01  4.00000000e-01  0.00000000e+00  5.50000000e-01  8.00000000e-01  6.08483878e-06  3.75877011e-09 -6.08859430e-06 -3.24439434e-12 
 2.50000000e+01  4.00000000e-01  0.00000000e+00  6.00000000e-01  8.00000000e-01  8.56527170e-06  4.84942345e-09 -8.57011353e-06 -7.59348140e-12 
 2.50000000e+01  4.00000000e-01  0.00000000e+00  6.50000000e-01  8.00000000e-01  1.11338031e-05  6.11766785e-09 -1.11399031e-05 -1.77421515e-11 
 2.50000000e+01  4.00000000e-01  0.00000000e+00  7.00000000e-01  8.00000000e-01  1.37480105e-05  7.58391076e-09 -1.37555530e-05 -4.13773217e-11 
 2.50000000e+01  4.00000000e-01  0.00000000e+00  7.50000000e-01  8.00000000e-01  1.63789035e-05  9.27963578e-09 -1.63880869e-05 -9.62991666e-11 
 2.50000000e+01  4.00000000e-01  0.00000000e+00  8.00000000e-01  8.00000000e-01  1.90062735e-05  1.12604403e-08 -1.90173104e-05 -2.23480123e-10 
 2.50000000e+01  4.50000000e-01  0.00000000e+00  0.00000000e+00  8.00000000e-01 -6.95405717e-06  1.77914471e-09  6.95227919e-06 -1.15927060e-12 
 2.50000000e+01  4.50000000e-01  0.00000000e+00  5.00000000e-02  8.00000000e-01 -6.54410105e-06  1.78656657e-09  6.54231555e-06 -1.06544981e-12 
 2.50000000e+01  4.50000000e-01  0.00000000e+00  1.00000000e-01  8.00000000e-01 -6.13613235e-06  1.78516895e-09  6.13434816e-06 -9.79195891e-13 
 2.50000000e+01  4.50000000e-01  0.00000000e+00  1.50000000e-01  8.00000000e-01 -5.72114065e-06  1.77758013e-09  5.71936397e-06 -9.00030050e-13 
 2.50000000e+01  4.50000000e-01  0.00000000e+00  2.00000000e-01  8.00000000e-01 -5.27654632e-06  1.79064086e-09  5.27475650e-06 -8.27518609e-13 
 2.50000000e+01  4.50000000e-01  0.00000000e+00  2.50000000e-01  8.00000000e-01 -4.74491235e-06  1.82614646e-09  4.74308697e-06 -7.61401359e-13 
 2.50000000e+01  4.50000000e-01  0.00000000e+00  3.00000000e-01  8.00000000e-01 -4.02261702e-06  1.88195520e-09  4.02073577e-06 -7.01272374e-13 
 2.50000000e+01  4.50000000e-01  0.00000000e+00  3.50000000e-01  8.00000000e-01 -3.01591434e-06  1.95791645e-09  3.01395707e-06 -6.46451642e-13 
 2.50000000e+01  4.50000000e-01  0.00000000e+00  4.00000000e-01  8.00000000e-01 -1.68098873e-06  2.05360778e-09  1.67893572e-06 -5.96273031e-13 
 2.50000000e+01  4.50000000e-01  0.00000000e+00  4.50000000e-01  8.00000000e-01 -1.08165120e-09  2.16385267e-09 -1.08165120e-09 -5.50278573e-13 
 2.50000000e+01  4.50000000e-01  0.00000000e+00  5.00000000e-01  8.00000000e-01  2.04747087e-06  2.95754909e-09 -2.05042714e-06 -1.27719016e-12 
 2.50000000e+01  4.50000000e-01  0.00000000e+00  5.50000000e-01  8.00000000e-01  4.37788786e-06  3.89758763e-09 -4.38178246e-06 -2.98961897e-12 
 2.50000000e+01  4.50000000e-01  0.00000000e+00  6.00000000e-01  8.00000000e-01  6.87625272e-06  5.00233474e-09 -6.88124805e-06 -6.99941494e-12 
 2.50000000e+01  4.50000000e-01  0.00000000e+00  6.50000000e-01  8.00000000e-01  9.47034189e-06  6.28589787e-09 -9.47661143e-06 -1.63601251e-11 
 2.50000000e+01  4.50000000e-01  0.00000000e+00  7.00000000e-01  8.00000000e-01  1.21133730e-05  7.76789036e-09 -1.21211028e-05 -3.81681978e-11 
 2.50000000e+01  4.50000000e-01  0.00000000e+00  7.50000000e-01  8.00000000e-01  1.47740694e-05  9.47831755e-09 -1.47834589e-05 -8.88662061e-11 
 2.50000000e+01  4.50000000e-01  0.00000000e+00  8.00000000e-01  8.00000000e-01  1.74310352e-05  1.14695912e-08 -1.74422985e-05 -2.06338144e-10 
 2.50000000e+01  5.00000000e-01  0.00000000e+00  0.00000000e+00  8.00000000e-01 -9.61631041e-06  2.53195717e-09  9.61378114e-06 -2.69102449e-12 
 2.50000000e+01  5.00000000e-01  0.00000000e+00  5.00000000e-02  8.00000000e-01 -9.13553372e-06  2.53803930e-09  9.13299815e-06 -2.47580775e-12 
 2.50000000e+01  5.00000000e-01  0.00000000e+00  1.00000000e-01  8.00000000e-01 -8.65301737e-06  2.53573681e-09  8.65048391e-06 -2.27761213e-12 
 2.50000000e+01  5.00000000e-01  0.00000000e+00  1.50000000e-01  8.00000000e-01 -8.15828564e-06  2.52796723e-09  8.15575976e-06 -2.09519208e-12 
 2.50000000e+01  5.00000000e-01  0.00000000e+00  2.00000000e-01  8.00000000e-01 -7.62754567e-06  2.54206094e-09  7.62500554e-06 -1.92757962e-12 
 2.50000000e+01  5.00000000e-01  0.00000000e+00  2.50000000e-01  8.00000000e-01 -7.00699750e-06  2.58046520e-09  7.00441881e-06 -1.77388659e-12 
 2.50000000e+01  5.00000000e-01  0.00000000e+00  3.00000000e-01  8.00000000e-01 -6.20572002e-06  2.64168266e-09  6.20307997e-06 -1.63319705e-12 
 2.50000000e+01  5.00000000e-01  0.00000000e+00  3.50000000e-01  8.00000000e-01 -5.13811175e-06  2.72561596e-09  5.13538764e-06 -1.50430710e-12 
 2.50000000e+01  5.00000000e-01  0.00000000e+00  4.00000000e-01  8.00000000e-01 -3.75932310e-06  2.83073831e-09  3.75649374e-06 -1.38597814e-12 
 2.50000000e+01  5.00000000e-01  0.00000000e+00  4.50000000e-01  8.00000000e-01 -2.05042714e-06  2.95754909e-09  2.04747087e-06 -1.27719016e-12 
 2.50000000e+01  5.00000000e-01  0.00000000e+00  5.00000000e-01  8.00000000e-01 -1.54892499e-09  3.09902711e-09 -1.54892499e-09 -1.17712437e-12 
 2.50000000e+01  5.00000000e-01  0.00000000e+00  5.50000000e-01  8.00000000e-01  2.35117432e-06  4.06060696e-09 -2.35523217e-06 -2.75496639e-12 
 2.50000000e+01  5.00000000e-01  0.00000000e+00  6.00000000e-01  8.00000000e-01  4.88921531e-06  5.17984830e-09 -4.89438871e-06 -6.45184600e-12 
 2.50000000e+01  5.00000000e-01  0.00000000e+00  6.50000000e-01  8.00000000e-01  7.52998598e-06  6.48033538e-09 -7.53645123e-06 -1.50855335e-11 
 2.50000000e+01  5.00000000e-01  0.00000000e+00  7.00000000e-01  8.00000000e-01  1.02215758e-05  7.98036171e-09 -1.02295210e-05 -3.52070560e-11 
 2.50000000e+01  5.00000000e-01  0.00000000e+00  7.50000000e-01  8.00000000e-01  1.29302122e-05  9.70847777e-09 -1.29398387e-05 -8.20039661e-11 
 2.50000000e+01  5.00000000e-01  0.00000000e+00  8.00000000e-01  8.00000000e-01  1.56333339e-05  1.17141444e-08 -1.56448575e-05 -1.90500539e-10 
 2.50000000e+01  5.50000000e-01  0.00000000e+00  0.00000000e+00  8.00000000e-01 -1.24007597e-05  3.43374708e-09  1.23973322e-05 -6.26480118e-12 
 2.50000000e+01  5.50000000e-01  0.00000000e+00  5.00000000e-02  8.00000000e-01 -1.18585822e-05  3.43810810e-09  1.18551498e-05 -5.76967293e-12 
 2.50000000e+01  5.50000000e-01  0.00000000e+00  1.00000000e-01  8.00000000e-01 -1.13116230e-05  3.43461121e-09  1.13081937e-05 -5.31322208e-12 
 2.50000000e+01  5.50000000e-01  0.00000000e+00  1.50000000e-01  8.00000000e-01 -1.07485727e-05  3.42648119e-09  1.07451511e-05 -4.89261756e-12 
 2.50000000e+01  5.50000000e-01  0.00000000e+00  2.00000000e-01  8.00000000e-01 -1.01456454e-05  3.44154256e-09  1.01422084e-05 -4.50533708e-12 
 2.50000000e+01  5.50000000e-01  0.00000000e+00  2.50000000e-01  8.00000000e-01 -9.45353613e-06  3.48290880e-09  9.45005737e-06 -4.14913590e-12 
 2.50000000e+01  5.50000000e-01  0.00000000e+00  3.00000000e-01  8.00000000e-01 -8.59267840e-06  3.54984213e-09  8.58913238e-06 -3.82187684e-12 
 2.50000000e+01  5.50000000e-01  0.00000000e+00  3.50000000e-01  8.00000000e-01 -7.48570494e-06  3.64254560e-09  7.48206592e-06 -3.52108967e-12 
 2.50000000e+01  5.50000000e-01  0.00000000e+00  4.00000000e-01  8.00000000e-01 -6.08859430e-06  3.75877011e-09  6.08483878e-06 -3.24439434e-12 
 2.50000000e+01  5.50000000e-01  0.00000000e+00  4.50000000e-01  8.00000000e-01 -4.38178246e-06  3.89758763e-09  4.37788786e-06 -2.98961897e-12 
 2.50000000e+01  5.50000000e-01  0.00000000e+00  5.00000000e-01  8.00000000e-01 -2.35523217e-06  4.06060696e-09  2.35117432e-06 -2.75496639e-12 
 2.50000000e+01  5.50000000e-01  0.00000000e+00  5.50000000e-01  8.00000000e-01 -2.11788036e-09  4.23829953e-09 -2.11788036e-09 -2.53881291e-12 
 2.50000000e+01  5.50000000e-01  0.00000000e+00  6.00000000e-01  8.00000000e-01  2.59785540e-06  5.38459076e-09 -2.60323404e-06 -5.94703106e-12 
 2.50000000e+01  5.50000000e-01  0.00000000e+00  6.50000000e-01  8.00000000e-01  5.30697261e-06  6.70193615e-09 -5.31366064e-06 -1.39099184e-11 
 2.50000000e+01  5.50000000e-01  0.00000000e+00  7.00000000e-01  8.00000000e-01  8.06729477e-06  8.22140234e-09 -8.07548370e-06 -3.24747347e-11 
 2.50000000e+01  5.50000000e-01  0.00000000e+00  7.50000000e-01  8.00000000e-01  1.08423169e-05  9.96937288e-09 -1.08522106e-05 -7.56688150e-11 
 2.50000000e+01  5.50000000e-01  0.00000000e+00  8.00000000e-01  8.00000000e-01  1.36083380e-05  1.19924436e-08 -1.36201546e-05 -1.75869097e-10 
 2.50000000e+01  6.00000000e-01  0.00000000e+00  0.00000000e+00  8.00000000e-01 -1.52449167e-05  4.49884280e-09  1.52404324e-05 -1.45876401e-11 
 2.50000000e+01  6.00000000e-01  0.00000000e+00  5.00000000e-02  8.00000000e-01 -1.46487830e-05  4.50084880e-09  1.46442956e-05 -1.34449570e-11 
 2.50000000e+01  6.00000000e-01  0.00000000e+00  1.00000000e-01  8.00000000e-01 -1.40454981e-05  4.49562174e-09  1.40410149e-05 -1.23909806e-11 
 2.50000000e+01  6.00000000e-01  0.00000000e+00  1.50000000e-01  8.00000000e-01 -1.34234309e-05  4.48670167e-09  1.34189556e-05 -1.14190636e-11 
 2.50000000e+01  6.00000000e-01  0.00000000e+00  2.00000000e-01  8.00000000e-01 -1.27595840e-05  4.50240184e-09  1.27550921e-05 -1.05231483e-11 
 2.50000000e+01  6.00000000e-01  0.00000000e+00  2.50000000e-01  8.00000000e-01 -1.20093434e-05  4.54650706e-09  1.20048066e-05 -9.69779118e-12 
 2.50000000e+01  6.00000000e-01  0.00000000e+00  3.00000000e-01  8.00000000e-01 -1.11030224e-05  4.61913776e-09  1.10984122e-05 -8.93782617e-12 
 2.50000000e+01  6.00000000e-01  0.00000000e+00  3.50000000e-01  8.00000000e-01 -9.97080344e-06  4.72103492e-09  9.96609064e-06 -8.23808383e-12 
 2.50000000e+01  6.00000000e-01  0.00000000e+00  4.00000000e-01  8.00000000e-01 -8.57011353e-06  4.84942345e-09  8.56527170e-06 -7.59348140e-12 
 2.50000000e+01  6.00000000e-01  0.00000000e+00  4.50000000e-01  8.00000000e-01 -6.88124805e-06  5.00233474e-09  6.87625272e-06 -6.99941494e-12 
 2.50000000e+01  6.00000000e-01  0.00000000e+00  5.00000000e-01  8.00000000e-01 -4.89438871e-06  5.17984830e-09  4.88921531e-06 -6.45184600e-12 
 2.50000000e+01  6.00000000e-01  0.00000000e+00  5.50000000e-01  8.00000000e-01 -2.60323404e-06  5.38459076e-09  2.59785540e-06 -5.94703106e-12 
 2.50000000e+01  6.00000000e-01  0.00000000e+00  6.00000000e-01  8.00000000e-01 -2.79918853e-09  5.60385871e-09 -2.79918853e-09 -5.48166720e-12 
 2.50000000e+01  6.00000000e-01  0.00000000e+00  6.50000000e-01  8.00000000e-01  2.79699520e-06  6.95429591e-09 -2.80393667e-06 -1.28256156e-11 
 2.50000000e+01  6.00000000e-01  0.00000000e+00  7.00000000e-01  8.00000000e-01  5.64680579e-06  8.49269206e-09 -5.65526853e-06 -2.99535639e-11 
 2.50000000e+01  6.00000000e-01  0.00000000e+00  7.50000000e-01  8.00000000e-01  8.50711574e-06  1.02618652e-08 -8.51730778e-06 -6.98204827e-11 
 2.50000000e+01  6.00000000e-01  0.00000000e+00  8.00000000e-01  8.00000000e-01  1.13531144e-05  1.23046545e-08 -1.13652567e-05 -1.62352905e-10 
 2.50000000e+01  6.50000000e-01  0.00000000e+00  0.00000000e+00  8.00000000e-01 -1.81098180e-05  5.74596240e-09  1.81041060e-05 -3.39429283e-11 
 2.50000000e+01  6.50000000e-01  0.00000000e+00  5.00000000e-02  8.00000000e-01 -1.74659550e-05  5.74446115e-09  1.74602419e-05 -3.13018188e-11 
 2.50000000e+01  6.50000000e-01  0.00000000e+00  1.00000000e-01  8.00000000e-01 -1.68131510e-05  5.73648136e-09  1.68074433e-05 -2.88647335e-11 
 2.50000000e+01  6.50000000e-01  0.00000000e+00  1.50000000e-01  8.00000000e-01 -1.61398127e-05  5.72587995e-09  1.61341135e-05 -2.66162196e-11 
 2.50000000e+01  6.50000000e-01  0.00000000e+00  2.00000000e-01  8.00000000e-01 -1.54241515e-05  5.74144975e-09  1.54184346e-05 -2.45421218e-11 
 2.50000000e+01  6.50000000e-01  0.00000000e+00  2.50000000e-01  8.00000000e-01 -1.46260476e-05  5.78764494e-09  1.46202826e-05 -2.26294677e-11 
 2.50000000e+01  6.50000000e-01  0.00000000e+00  3.00000000e-01  8.00000000e-01 -1.36843127e-05  5.86551395e-09  1.36784681e-05 -2.08662254e-11 
 2.50000000e+01  6.50000000e-01  0.00000000e+00  3.50000000e-01  8.00000000e-01 -1.25359010e-05  5.97655509e-09  1.25299437e-05 -1.92407999e-11 
 2.50000000e+01  6.50000000e-01  0.00000000e+00  4.00000000e-01  8.00000000e-01 -1.11399031e-05  6.11766785e-09  1.11338031e-05 -1.77421515e-11 
 2.50000000e+01  6.50000000e-01  0.00000000e+00  4.50000000e-01  8.00000000e-01 -9.47661143e-06  6.28589787e-09  9.47034189e-06 -1.63601251e-11 
 2.50000000e+01  6.50000000e-01  0.00000000e+00  5.00000000e-01  8.00000000e-01 -7.53645123e-06  6.48033538e-09  7.52998598e-06 -1.50855335e-11 
 2.50000000e+01  6.50000000e-01  0.00000000e+00  5.50000000e-01  8.00000000e-01 -5.31366064e-06  6.70193615e-09  5.30697261e-06 -1.39099184e-11 
 2.50000000e+01  6.50000000e-01  0.00000000e+00  6.00000000e-01  8.00000000e-01 -2.80393667e-06  6.95429591e-09  2.79699520e-06 -1.28256156e-11 
 2.50000000e+01  6.50000000e-01  0.00000000e+00  6.50000000e-01  8.00000000e-01 -3.60451119e-09  7.22084790e-09 -3.60451119e-09 -1.18255301e-11 
 2.50000000e+01  6.50000000e-01  0.00000000e+00  7.00000000e-01  8.00000000e-01  2.95707861e-06  8.79880626e-09 -2.96584979e-06 -2.76272998e-11 
 2.50000000e+01  6.50000000e-01  0.00000000e+00  7.50000000e-01  8.00000000e-01  5.92210118e-06  1.05882607e-08 -5.93262502e-06 -6.44217769e-11 
 2.50000000e+01  6.50000000e-01  0.00000000e+00  8.00000000e-01  8.00000000e-01  8.86556048e-06  1.26522582e-08 -8.87806287e-06 -1.49867885e-10 
 2.50000000e+01  7.00000000e-01  0.00000000e+00  0.00000000e+00  8.00000000e-01 -2.09695843e-05  7.20288255e-09  2.09624603e-05 -7.88731302e-11 
 2.50000000e+01  7.00000000e-01  0.00000000e+00  5.00000000e-02  8.00000000e-01 -2.02833646e-05  7.19558238e-09  2.02762418e-05 -7.27713896e-11 
 2.50000000e+01  7.00000000e-01  0.00000000e+00  1.00000000e-01  8.00000000e-01 -1.95868914e-05  7.18276958e-09  1.95797757e-05 -6.71384615e-11 
 2.50000000e+01  7.00000000e-01  0.00000000e+00  1.50000000e-01  8.00000000e-01 -1.88688432e-05  7.16861239e-09  1.88617365e-05 -6.19388395e-11 
 2.50000000e+01  7.00000000e-01  0.00000000e+00  2.00000000e-01  8.00000000e-01 -1.81088266e-05  7.18236978e-09  1.81017013e-05 -5.71397686e-11 
 2.50000000e+01  7.00000000e-01  0.00000000e+00  2.50000000e-01  8.00000000e-01 -1.72708460e-05  7.22915585e-09  1.72636695e-05 -5.27111410e-11 
 2.50000000e+01  7.00000000e-01  0.00000000e+00  3.00000000e-01  8.00000000e-01 -1.63009993e-05  7.31098678e-09  1.62937370e-05 -4.86250797e-11 
 2.50000000e+01  7.00000000e-01  0.00000000e+00  3.50000000e-01  8.00000000e-01 -1.51422903e-05  7.43030595e-09  1.51349048e-05 -4.48553555e-11 
 2.50000000e+01  7.00000000e-01  0.00000000e+00  4.00000000e-01  8.00000000e-01 -1.37555530e-05  7.58391076e-09  1.37480105e-05 -4.13773217e-11 
 2.50000000e+01  7.00000000e-01  0.00000000e+00  4.50000000e-01  8.00000000e-01 -1.21211028e-05  7.76789036e-09  1.21133730e-05 -3.81681978e-11 
 2.50000000e+01  7.00000000e-01  0.00000000e+00  5.00000000e-01  8.00000000e-01 -1.02295210e-05  7.98036171e-09  1.02215758e-05 -3.52070560e-11 
 2.50000000e+01  7.00000000e-01  0.00000000e+00  5.50000000e-01  8.00000000e-01 -8.07548370e-06  8.22140234e-09  8.06729477e-06 -3.24747347e-11 
 2.50000000e+01  7.00000000e-01  0.00000000e+00  6.00000000e-01  8.00000000e-01 -5.65526853e-06  8.49269206e-09  5.64680579e-06 -2.99535639e-11 
 2.50000000e+01  7.00000000e-01  0.00000000e+00  6.50000000e-01  8.00000000e-01 -2.96584979e-06  8.79880626e-09  2.95707861e-06 -2.76272998e-11 
 2.50000000e+01  7.00000000e-01  0.00000000e+00  7.00000000e-01  8.00000000e-01 -4.54655024e-09  9.11858139e-09 -4.54655024e-09 -2.54809264e-11 
 2.50000000e+01  7.00000000e-01  0.00000000e+00  7.50000000e-01  8.00000000e-01  3.08514424e-06  1.09541637e-08 -3.09603897e-06 -5.94383431e-11 
 2.50000000e+01  7.00000000e-01  0.00000000e+00  8.00000000e-01  8.00000000e-01  6.14398337e-06  1.30381270e-08 -6.15688316e-06 -1.38336131e-10 
 2.50000000e+01  7.50000000e-01  0.00000000e+00  0.00000000e+00  8.00000000e-01 -2.38064051e-05  8.91714275e-09  2.37976708e-05 -1.82858548e-10 
 2.50000000e+01  7.50000000e-01  0.00000000e+00  5.00000000e-02  8.00000000e-01 -2.30825266e-05  8.89919563e-09  2.30737962e-05 -1.68801719e-10 
 2.50000000e+01  7.50000000e-01  0.00000000e+00  1.00000000e-01  8.00000000e-01 -2.23474673e-05  8.87710109e-09  2.23387460e-05 -1.55816599e-10 
 2.50000000e+01  7.50000000e-01  0.00000000e+00  1.50000000e-01  8.00000000e-01 -2.15903209e-05  8.85531955e-09  2.15816094e-05 -1.43822631e-10 
 2.50000000e+01  7.50000000e-01  0.00000000e+00  2.00000000e-01  8.00000000e-01 -2.07921392e-05  8.86355215e-09  2.07834084e-05 -1.32745329e-10 
 2.50000000e+01  7.50000000e-01  0.00000000e+00  2.50000000e-01  8.00000000e-01 -1.99206315e-05  8.90755095e-09  1.99118464e-05 -1.22515897e-10 
 2.50000000e+01  7.50000000e-01  0.00000000e+00  3.00000000e-01  8.00000000e-01 -1.89281467e-05  8.99030952e-09  1.89192695e-05 -1.13070654e-10 
 2.50000000e+01  7.50000000e-01  0.00000000e+00  3.50000000e-01  8.00000000e-01 -1.77630957e-05  9.11536160e-09  1.77540847e-05 -1.04350206e-10 
 2.50000000e+01  7.50000000e-01  0.00000000e+00  4.00000000e-01  8.00000000e-01 -1.63880869e-05  9.27963578e-09  1.63789035e-05 -9.62991666e-11 
 2.50000000e+01  7.50000000e-01  0.00000000e+00  4.50000000e-01  8.00000000e-01 -1.47834589e-05  9.47831755e-09  1.47740694e-05 -8.88662061e-11 
 2.50000000e+01  7.50000000e-01  0.00000000e+00  5.00000000e-01  8.00000000e-01 -1.29398387e-05  9.70847777e-09  1.29302122e-05 -8.20039661e-11 
 2.50000000e+01  7.50000000e-01  0.00000000e+00  5.50000000e-01  8.00000000e-01 -1.08522106e-05  9.96937288e-09  1.08423169e-05 -7.56688150e-11 
 2.50000000e+01  7.50000000e-01  0.00000000e+00  6.00000000e-01  8.00000000e-01 -8.51730778e-06  1.02618652e-08  8.50711574e-06 -6.98204827e-11 
 2.50000000e+01  7.50000000e-01  0.00000000e+00  6.50000000e-01  8.00000000e-01 -5.93262502e-06  1.05882607e-08  5.92210118e-06 -6.44217769e-11 
 2.50000000e+01  7.50000000e-01  0.00000000e+00  7.00000000e-01  8.00000000e-01 -3.09603897e-06  1.09541637e-08  3.08514424e-06 -5.94383431e-11 
 2.50000000e+01  7.50000000e-01  0.00000000e+00  7.50000000e-01  8.00000000e-01 -5.63908957e-09  1.13330176e-08 -5.63908957e-09 -5.48384428e-11 
 2.50000000e+01  7.50000000e-01  0.00000000e+00  8.00000000e-01  8.00000000e-01  3.18692324e-06  1.34689636e-08 -3.20026451e-06 -1.27685609e-10 
 2.50000000e+01  8.00000000e-01  0.00000000e+00  0.00000000e+00  8.00000000e-01 -2.66079291e-05  1.09799906e-08  2.65973713e-05 -4.22216755e-10 
 2.50000000e+01  8.00000000e-01  0.00000000e+00  5.00000000e-02  8.00000000e-01 -2.58505245e-05  1.09408568e-08  2.58399737e-05 -3.90040826e-10 
 2.50000000e+01  8.00000000e-01  0.00000000e+00  1.00000000e-01  8.00000000e-01 -2.50813191e-05  1.08997498e-08  2.50707796e-05 -3.60287231e-10 
 2.50000000e+01  8.00000000e-01  0.00000000e+00  1.50000000e-01  8.00000000e-01 -2.42899044e-05  1.08613751e-08  2.42793758e-05 -3.32777240e-10 
 2.50000000e+01  8.00000000e-01  0.00000000e+00  2.00000000e-01  8.00000000e-01 -2.34587522e-05  1.08558278e-08  2.34482037e-05 -3.07345070e-10 
 2.50000000e+01  8.00000000e-01  0.00000000e+00  2.50000000e-01  8.00000000e-01 -2.25588662e-05  1.08894514e-08  2.25482606e-05 -2.83837009e-10 
 2.50000000e+01  8.00000000e-01  0.00000000e+00  3.00000000e-01  8.00000000e-01 -2.15479736e-05  1.09661901e-08  2.15372695e-05 -2.62110438e-10 
 2.50000000e+01  8.00000000e-01  0.00000000e+00  3.50000000e-01  8.00000000e-01 -2.03793249e-05  1.10907597e-08  2.03684762e-05 -2.42032668e-10 
 2.50000000e+01  8.00000000e-01  0.00000000e+00  4.00000000e-01  8.00000000e-01 -1.90173104e-05  1.12604403e-08  1.90062735e-05 -2.23480123e-10 
 2.50000000e+01  8.00000000e-01  0.00000000e+00  4.50000000e-01  8.00000000e-01 -1.74422985e-05  1.14695912e-08  1.74310352e-05 -2.06338144e-10 
 2.50000000e+01  8.00000000e-01  0.00000000e+00  5.00000000e-01  8.00000000e-01 -1.56448575e-05  1.17141444e-08  1.56333339e-05 -1.90500539e-10 
 2.50000000e+01  8.00000000e-01  0.00000000e+00  5.50000000e-01  8.00000000e-01 -1.36201546e-05  1.19924436e-08  1.36083380e-05 -1.75869097e-10 
 2.50000000e+01  8.00000000e-01  0.00000000e+00  6.00000000e-01  8.00000000e-01 -1.13652567e-05  1.23046545e-08  1.13531144e-05 -1.62352905e-10 
 2.50000000e+01  8.00000000e-01  0.00000000e+00  6.50000000e-01  8.00000000e-01 -8.87806287e-06  1.26522582e-08  8.86556048e-06 -1.49867885e-10 
 2.50000000e+01  8.00000000e-01  0.00000000e+00  7.00000000e-01  8.00000000e-01 -6.15688316e-06  1.30381270e-08  6.14398337e-06 -1.38336131e-10 
 2.50000000e+01  8.00000000e-01  0.00000000e+00  7.50000000e-01  8.00000000e-01 -3.20026451e-06  1.34689636e-08  3.18692324e-06 -1.27685609e-10 
 2.50000000e+01  8.00000000e-01  0.00000000e+00  8.00000000e-01  8.00000000e-01 -6.89704701e-09  1.39119436e-08 -6.89704701e-09 -1.17849609e-10 
