 2.50000000e+01  0.00000000e+00  0.00000000e+00  0.00000000e+00  8.00000000e-01  3.49763697e-19  7.67293663e-14  3.49763697e-19 -7.67268193e-14 
 2.50000000e+01  0.00000000e+00  0.00000000e+00  5.00000000e-02  8.00000000e-01  7.40478123e-10  1.69962029e-11 -7.57397533e-10 -7.67857999e-14 
 2.50000000e+01  0.00000000e+00  0.00000000e+00  1.00000000e-01  8.00000000e-01  5.27760874e-09  1.81506310e-11 -5.29568221e-09 -7.71605002e-14 
 2.50000000e+01  0.00000000e+00  0.00000000e+00  1.50000000e-01  8.00000000e-01  3.01462618e-08  7.91507436e-12 -3.01540978e-08 -7.90582877e-14 
 2.50000000e+01  0.00000000e+00  0.00000000e+00  2.00000000e-01  8.00000000e-01  1.44662127e-07  3.82962338e-11 -1.44700336e-07 -8.69929129e-14 
 2.50000000e+01  0.00000000e+00  0.00000000e+00  2.50000000e-01  8.00000000e-01  5.73455126e-07  1.68754785e-10 -5.73623767e-07 -1.13437038e-13 
 2.50000000e+01  0.00000000e+00  0.00000000e+00  3.00000000e-01  8.00000000e-01  1.77190392e-06  5.20024109e-10 -1.77242376e-06 -1.87707488e-13 
 2.50000000e+01  0.00000000e+00  0.00000000e+00  3.50000000e-01  8.00000000e-01  4.09970052e-06  1.11330155e-09 -4.10081344e-06 -3.76365605e-13 
 2.50000000e+01  0.00000000e+00  0.00000000e+00  4.00000000e-01  8.00000000e-01  7.44328256e-06  1.91635302e-09 -7.44519808e-06 -8.32160729e-13 
 2.50000000e+01  0.00000000e+00  0.00000000e+00  4.50000000e-01  8.00000000e-01  1.14508128e-05  2.93035599e-09 -1.14537412e-05 -1.90939278e-12 
 2.50000000e+01  0.00000000e+00  0.00000000e+00  5.00000000e-01  8.00000000e-01  1.58344630e-05  4.17028239e-09 -1.58386289e-05 -4.43226358e-12 
 2.50000000e+01  0.00000000e+00  0.00000000e+00  5.50000000e-01  8.00000000e-01  2.04191354e-05  5.65558341e-09 -2.04247806e-05 -1.03184961e-11 
 2.50000000e+01  0.00000000e+00  0.00000000e+00  6.00000000e-01  8.00000000e-01  2.51018887e-05  7.40985871e-09 -2.51092745e-05 -2.40266973e-11 
 2.50000000e+01  0.00000000e+00  0.00000000e+00  6.50000000e-01  8.00000000e-01  2.98185274e-05  9.46393803e-09 -2.98279354e-05 -5.59059986e-11 
 2.50000000e+01  0.00000000e+00  0.00000000e+00  7.00000000e-01  8.00000000e-01  3.45264051e-05  1.18635712e-08 -3.45381387e-05 -1.29908685e-10 
 2.50000000e+01  0.00000000e+00  0.00000000e+00  7.50000000e-01  8.00000000e-01  3.91961636e-05  1.46870586e-08 -3.92105495e-05 -3.01178759e-10 
 2.50000000e+01  0.00000000e+00  0.00000000e+00  8.00000000e-01  8.00000000e-01  4.38074351e-05  1.80846902e-08 -4.38248244e-05 -6.95415794e-10 
 2.50000000e+01  5.00000000e-02  0.00000000e+00  0.00000000e+00  8.00000000e-01 -7.57397533e-10  1.69962029e-11  7.40478123e-10 -7.67857999e-14 
 2.50000000e+01  5.00000000e-02  0.00000000e+00  5.00000000e-02  8.00000000e-01 -1.69136352e-11  3.39040508e-11 -1.69136352e-11 -7.67823305e-14 
 2.50000000e+01  5.00000000e-02  0.00000000e+00  1.00000000e-01  8.00000000e-01  3.77062031e-09  3.50591988e-11 -3.80560242e-09 -7.70945807e-14 
 2.50000000e+01  5.00000000e-02  0.00000000e+00  1.50000000e-01  8.00000000e-01  2.43571841e-08  2.48251178e-11 -2.43819305e-08 -7.87078736e-14 
 2.50000000e+01  5.00000000e-02  0.00000000e+00  2.00000000e-01  8.00000000e-01  1.20714922e-07  5.52091480e-11 -1.20770045e-07 -8.56432980e-14 
 2.50000000e+01  5.00000000e-02  0.00000000e+00  2.50000000e-01  8.00000000e-01  4.90856104e-07  1.85622784e-10 -4.91041618e-07 -1.09148801e-13 
 2.50000000e+01  5.00000000e-02  0.00000000e+00  3.00000000e-01  8.00000000e-01  1.56292408e-06  5.36502643e-10 -1.56346041e-06 -1.76074433e-13 
 2.50000000e+01  5.00000000e-02  0.00000000e+00  3.50000000e-01  8.00000000e-01  3.72260447e-06  1.12878280e-09 -3.72373291e-06 -3.47662871e-13 
 2.50000000e+01  5.00000000e-02  0.00000000e+00  4.00000000e-01  8.00000000e-01  6.90525532e-06  1.93037496e-09 -6.90718493e-06 -7.64933256e-13 
 2.50000000e+01  5.00000000e-02  0.00000000e+00  4.50000000e-01  8.00000000e-01  1.07755785e-05  2.94258023e-09 -1.07785194e-05 -1.75486362e-12 
 2.50000000e+01  5.00000000e-02  0.00000000e+00  5.00000000e-01  8.00000000e-01  1.50425852e-05  4.18030001e-09 -1.50467614e-05 -4.07781794e-12 
 2.50000000e+01  5.00000000e-02  0.00000000e+00  5.50000000e-01  8.00000000e-01  1.95261291e-05  5.66276626e-09 -1.95317823e-05 -9.50297133e-12 
 2.50000000e+01  5.00000000e-02  0.00000000e+00  6.00000000e-01  8.00000000e-01  2.41200163e-05  7.41316270e-09 -2.41274073e-05 -2.21446264e-11 
 2.50000000e+01  5.00000000e-02  0.00000000e+00  6.50000000e-01  8.00000000e-01  2.87580454e-05  9.46146539e-09 -2.87674553e-05 -5.15559193e-11 
 2.50000000e+01  5.00000000e-02  0.00000000e+00  7.00000000e-01  8.00000000e-01  3.33961629e-05  1.18515474e-08 -3.34078946e-05 -1.19858748e-10 
 2.50000000e+01  5.00000000e-02  0.00000000e+00  7.50000000e-01  8.00000000e-01  3.80038996e-05  1.46574986e-08 -3.80182791e-05 -2.78026352e-10 
 2.50000000e+01  5.00000000e-02  0.00000000e+00  8.00000000e-01  8.00000000e-01  4.25599566e-05  1.80202346e-08 -4.25773344e-05 -6.42420162e-10 
 2.50000000e+01  1.00000000e-01  0.00000000e+00  0.00000000e+00  8.00000000e-01 -5.29568221e-09  1.81506310e-11  5.27760874e-09 -7.71605002e-14 
 2.50000000e+01  1.00000000e-01  0.00000000e+00  5.00000000e-02  8.00000000e-01 -3.80560242e-09  3.50591988e-11  3.77062031e-09 -7.70945807e-14 
 2.50000000e+01  1.00000000e-01  0.00000000e+00  1.00000000e-01  8.00000000e-01 -1.79936455e-11  3.60643210e-11 -1.79936455e-11 -7.70390696e-14 
 2.50000000e+01  1.00000000e-01  0.00000000e+00  1.50000000e-01  8.00000000e-01  1.76235721e-08  2.58377111e-11 -1.76493314e-08 -7.84095011e-14 
 2.50000000e+01  1.00000000e-01  0.00000000e+00  2.00000000e-01  8.00000000e-01  9.88616914e-08  5.62349370e-11 -9.89178419e-08 -8.44428694e-14 
 2.50000000e+01  1.00000000e-01  0.00000000e+00  2.50000000e-01  8.00000000e-01  4.16397245e-07  1.86647147e-10 -4.16583787e-07 -1.05335879e-13 
 2.50000000e+01  1.00000000e-01  0.00000000e+00  3.00000000e-01  8.00000000e-01  1.36889455e-06  5.37266546e-10 -1.36943165e-06 -1.65589764e-13 
 2.50000000e+01  1.00000000e-01  0.00000000e+00  3.50000000e-01  8.00000000e-01  3.36088646e-06  1.12879325e-09 -3.36201493e-06 -3.21572630e-13 
 2.50000000e+01  1.00000000e-01  0.00000000e+00  4.00000000e-01  8.00000000e-01  6.37728512e-06  1.92931513e-09 -6.37921373e-06 -7.03374858e-13 
 2.50000000e+01  1.00000000e-01  0.00000000e+00  4.50000000e-01  8.00000000e-01  1.01036323e-05  2.94027826e-09 -1.01065709e-05 -1.61281058e-12 
 2.50000000e+01  1.00000000e-01  0.00000000e+00  5.00000000e-01  8.00000000e-01  1.42478558e-05  4.17650767e-09 -1.42520286e-05 -3.75134299e-12 
 2.50000000e+01  1.00000000e-01  0.00000000e+00  5.50000000e-01  8.00000000e-01  1.86252603e-05  5.65700667e-09 -1.86309085e-05 -8.75119768e-12 
 2.50000000e+01  1.00000000e-01  0.00000000e+00  6.00000000e-01  8.00000000e-01  2.31263774e-05  7.40455343e-09 -2.31337616e-05 -2.04086748e-11 
 2.50000000e+01  1.00000000e-01  0.00000000e+00  6.50000000e-01  8.00000000e-01  2.76828478e-05  9.44832221e-09 -2.76922486e-05 -4.75419044e-11 
 2.50000000e+01  1.00000000e-01  0.00000000e+00  7.00000000e-01  8.00000000e-01  3.22490423e-05  1.18304440e-08 -3.22607622e-05 -1.10580999e-10 
 2.50000000e+01  1.00000000e-01  0.00000000e+00  7.50000000e-01  8.00000000e-01  3.67932287e-05  1.46211076e-08 -3.68075932e-05 -2.56639102e-10 
 2.50000000e+01  1.00000000e-01  0.00000000e+00  8.00000000e-01  8.00000000e-01  4.12930488e-05  1.79525289e-08 -4.13104079e-05 -5.93414221e-10 
 2.50000000e+01  1.50000000e-01  0.00000000e+00  0.00000000e+00  8.00000000e-01 -3.01540978e-08  7.91507436e-12  3.01462618e-08 -7.90582877e-14 
 2.50000000e+01  1.50000000e-01  0.00000000e+00  5.00000000e-02  8.00000000e-01 -2.43819305e-08  2.48251178e-11  2.43571841e-08 -7.87078736e-14 
 2.50000000e+01  1.50000000e-01  0.00000000e+00  1.00000000e-01  8.00000000e-01 -1.76493314e-08  2.58377111e-11  1.76235721e-08 -7.84095011e-14 
 2.50000000e+01  1.50000000e-01  0.00000000e+00  1.50000000e-01  8.00000000e-01 -7.00674989e-12  1.40916601e-11 -7.00674989e-12 -7.81631704e-14 
 2.50000000e+01  1.50000000e-01  0.00000000e+00  2.00000000e-01  8.00000000e-01  7.16133996e-08  4.45609034e-11 -7.16578771e-08 -8.34055047e-14 
 2.50000000e+01  1.50000000e-01  0.00000000e+00  2.50000000e-01  8.00000000e-01  3.44597854e-07  1.75071253e-10 -3.44772824e-07 -1.01963576e-13 
 2.50000000e+01  1.50000000e-01  0.00000000e+00  3.00000000e-01  8.00000000e-01  1.18359627e-06  5.25682389e-10 -1.18412179e-06 -1.56194502e-13 
 2.50000000e+01  1.50000000e-01  0.00000000e+00  3.50000000e-01  8.00000000e-01  3.00627762e-06  1.11691653e-09 -3.00739424e-06 -2.97890185e-13 
 2.50000000e+01  1.50000000e-01  0.00000000e+00  4.00000000e-01  8.00000000e-01  5.84782658e-06  1.91708369e-09 -5.84974302e-06 -6.47124715e-13 
 2.50000000e+01  1.50000000e-01  0.00000000e+00  4.50000000e-01  8.00000000e-01  9.42012888e-06  2.92777903e-09 -9.42305518e-06 -1.48240448e-12 
 2.50000000e+01  1.50000000e-01  0.00000000e+00  5.00000000e-01  8.00000000e-01  1.34330161e-05  4.16371072e-09 -1.34371763e-05 -3.45091664e-12 
 2.50000000e+01  1.50000000e-01  0.00000000e+00  5.50000000e-01  8.00000000e-01  1.76978959e-05  5.64361606e-09 -1.77035315e-05 -8.05841852e-12 
 2.50000000e+01  1.50000000e-01  0.00000000e+00  6.00000000e-01  8.00000000e-01  2.21018092e-05  7.38986155e-09 -2.21091803e-05 -1.88078719e-11 
 2.50000000e+01  1.50000000e-01  0.00000000e+00  6.50000000e-01  8.00000000e-01  2.65738339e-05  9.43086106e-09 -2.65832210e-05 -4.38384780e-11 
 2.50000000e+01  1.50000000e-01  0.00000000e+00  7.00000000e-01  8.00000000e-01  3.10663895e-05  1.18071262e-08 -3.10780946e-05 -1.02016898e-10 
 2.50000000e+01  1.50000000e-01  0.00000000e+00  7.50000000e-01  8.00000000e-01  3.55461802e-05  1.45852321e-08 -3.55605285e-05 -2.36884335e-10 
 2.50000000e+01  1.50000000e-01  0.00000000e+00  8.00000000e-01  8.00000000e-01  3.99895602e-05  1.78893236e-08 -4.00069014e-05 -5.48103649e-10 
 2.50000000e+01  2.00000000e-01  0.00000000e+00  0.00000000e+00  8.00000000e-01 -1.44700336e-07  3.82962338e-11  1.44662127e-07 -8.69929129e-14 
 2.50000000e+01  2.00000000e-01  0.00000000e+00  5.00000000e-02  8.00000000e-01 -1.20770045e-07  5.52091480e-11  1.20714922e-07 -8.56432980e-14 
 2.50000000e+01  2.00000000e-01  0.00000000e+00  1.00000000e-01  8.00000000e-01 -9.89178419e-08  5.62349370e-11  9.88616914e-08 -8.44428694e-14 
 2.50000000e+01  2.00000000e-01  0.00000000e+00  1.50000000e-01  8.00000000e-01 -7.16578771e-08  4.45609034e-11  7.16133996e-08 -8.34055047e-14 
 2.50000000e+01  2.00000000e-01  0.00000000e+00  2.00000000e-01  8.00000000e-01 -3.08442641e-11  6.17710528e-11 -3.08442641e-11 -8.25346735e-14 
 2.50000000e+01  2.00000000e-01  0.00000000e+00  2.50000000e-01  8.00000000e-01  2.43322823e-07  1.92888360e-10 -2.43515613e-07 -9.89902604e-14 
 2.50000000e+01  2.00000000e-01  0.00000000e+00  3.00000000e-01  8.00000000e-01  9.81666627e-07  5.44087842e-10 -9.82210567e-07 -1.47798440e-13 
 2.50000000e+01  2.00000000e-01  0.00000000e+00  3.50000000e-01  8.00000000e-01  2.63110628e-06  1.13595969e-09 -2.63224196e-06 -2.76546147e-13 
 2.50000000e+01  2.00000000e-01  0.00000000e+00  4.00000000e-01  8.00000000e-01  5.28396045e-06  1.93713002e-09 -5.28589699e-06 -5.95915678e-13 
 2.50000000e+01  2.00000000e-01  0.00000000e+00  4.50000000e-01  8.00000000e-01  8.68783423e-06  2.94929082e-09 -8.69078216e-06 -1.36297570e-12 
 2.50000000e+01  2.00000000e-01  0.00000000e+00  5.00000000e-01  8.00000000e-01  1.25588326e-05  4.18692389e-09 -1.25630164e-05 -3.17483886e-12 
 2.50000000e+01  2.00000000e-01  0.00000000e+00  5.50000000e-01  8.00000000e-01  1.67048138e-05  5.66842302e-09 -1.67104748e-05 -7.42053988e-12 
 2.50000000e+01  2.00000000e-01  0.00000000e+00  6.00000000e-01  8.00000000e-01  2.10083870e-05  7.41572064e-09 -2.10157854e-05 -1.73322398e-11 
 2.50000000e+01  2.00000000e-01  0.00000000e+00  6.50000000e-01  8.00000000e-01  2.53950688e-05  9.45650543e-09 -2.54044849e-05 -4.04223113e-11 
 2.50000000e+01  2.00000000e-01  0.00000000e+00  7.00000000e-01  8.00000000e-01  2.98145668e-05  1.18297855e-08 -2.98263025e-05 -9.41125441e-11 
 2.50000000e+01  2.00000000e-01  0.00000000e+00  7.50000000e-01  8.00000000e-01  3.42314961e-05  1.45987917e-08 -3.42458763e-05 -2.18639357e-10 
 2.50000000e+01  2.00000000e-01  0.00000000e+00  8.00000000e-01  8.00000000e-01  3.86205709e-05  1.78801868e-08 -3.86379448e-05 -5.06215379e-10 
 2.50000000e+01  2.50000000e-01  0.00000000e+00  0.00000000e+00  8.00000000e-01 -5.73623767e-07  1.68754785e-10  5.73455126e-07 -1.13437038e-13 
 2.50000000e+01  2.50000000e-01  0.00000000e+00  5.00000000e-02  8.00000000e-01 -4.91041618e-07  1.85622784e-10  4.90856104e-07 -1.09148801e-13 
 2.50000000e+01  2.50000000e-01  0.00000000e+00  1.00000000e-01  8.00000000e-01 -4.16583787e-07  1.86647147e-10  4.16397245e-07 -1.05335879e-13 
 2.50000000e+01  2.50000000e-01  0.00000000e+00  1.50000000e-01  8.00000000e-01 -3.44772824e-07  1.75071253e-10  3.44597854e-07 -1.01963576e-13 
 2.50000000e+01  2.50000000e-01  0.00000000e+00  2.00000000e-01  8.00000000e-01 -2.43515613e-07  1.92888360e-10  2.43322823e-07 -9.89902604e-14 
 2.50000000e+01  2.50000000e-01  0.00000000e+00  2.50000000e-01  8.00000000e-01 -1.19084042e-10  2.38264503e-10 -1.19084042e-10 -9.64194002e-14 
 2.50000000e+01  2.50000000e-01  0.00000000e+00  3.00000000e-01  8.00000000e-01  6.49672296e-07  5.92469853e-10 -6.50264625e-07 -1.40432804e-13 
 2.50000000e+01  2.50000000e-01  0.00000000e+00  3.50000000e-01  8.00000000e-01  2.13339717e-06  1.18689095e-09 -2.13458380e-06 -2.57464189e-13 
 2.50000000e+01  2.50000000e-01  0.00000000e+00  4.00000000e-01  8.00000000e-01  4.58737361e-06  1.99138319e-09 -4.58936445e-06 -5.49619378e-13 
 2.50000000e+01  2.50000000e-01  0.00000000e+00  4.50000000e-01  8.00000000e-01  7.81214323e-06  3.00777064e-09 -7.81514974e-06 -1.25408017e-12 
 2.50000000e+01  2.50000000e-01  0.00000000e+00  5.00000000e-01  8.00000000e-01  1.15366898e-05  4.25017797e-09 -1.15409370e-05 -2.92169067e-12 
 2.50000000e+01  2.50000000e-01  0.00000000e+00  5.50000000e-01  8.00000000e-01  1.55648003e-05  5.73655566e-09 -1.55705301e-05 -6.83387374e-12 
 2.50000000e+01  2.50000000e-01  0.00000000e+00  6.00000000e-01  8.00000000e-01  1.97726226e-05  7.48836453e-09 -1.97800950e-05 -1.59728238e-11 
 2.50000000e+01  2.50000000e-01  0.00000000e+00  6.50000000e-01  8.00000000e-01  2.40804653e-05  9.53259162e-09 -2.40899607e-05 -3.72720708e-11 
 2.50000000e+01  2.50000000e-01  0.00000000e+00  7.00000000e-01  8.00000000e-01  2.84342792e-05  1.19068449e-08 -2.84460992e-05 -8.68183581e-11 
 2.50000000e+01  2.50000000e-01  0.00000000e+00  7.50000000e-01  8.00000000e-01  3.27959823e-05  1.46712603e-08 -3.28104518e-05 -2.01790886e-10 
 2.50000000e+01  2.50000000e-01  0.00000000e+00  8.00000000e-01  8.00000000e-01  3.71383115e-05  1.79355669e-08 -3.71557796e-05 -4.67496240e-10 
 2.50000000e+01  3.00000000e-01  0.00000000e+00  0.00000000e+00  8.00000000e-01 -1.77242376e-06  5.20024109e-10  1.77190392e-06 -1.87707488e-13 
 2.50000000e+01  3.00000000e-01  0.00000000e+00  5.00000000e-02  8.00000000e-01 -1.56346041e-06  5.36502643e-10  1.56292408e-06 -1.76074433e-13 
 2.50000000e+01  3.00000000e-01  0.00000000e+00  1.00000000e-01  8.00000000e-01 -1.36943165e-06  5.37266546e-10  1.36889455e-06 -1.65589764e-13 
 2.50000000e+01  3.00000000e-01  0.00000000e+00  1.50000000e-01  8.00000000e-01 -1.18412179e-06  5.25682389e-10  1.18359627e-06 -1.56194502e-13 
 2.50000000e+01  3.00000000e-01  0.00000000e+00  2.00000000e-01  8.00000000e-01 -9.82210567e-07  5.44087842e-10  9.81666627e-07 -1.47798440e-13 
 2.50000000e+01  3.00000000e-01  0.00000000e+00  2.50000000e-01  8.00000000e-01 -6.50264625e-07  5.92469853e-10  6.49672296e-07 -1.40432804e-13 
 2.50000000e+01  3.00000000e-01  0.00000000e+00  3.00000000e-01  8.00000000e-01 -3.31096066e-10  6.62326048e-10 -3.31096066e-10 -1.33920652e-13 
 2.50000000e+01  3.00000000e-01  0.00000000e+00  3.50000000e-01  8.00000000e-01  1.30358690e-06  1.26439472e-09 -1.30485105e-06 -2.40498593e-13 
 2.50000000e+01  3.00000000e-01  0.00000000e+00  4.00000000e-01  8.00000000e-01  3.56549430e-06  2.07540728e-09 -3.56756920e-06 -5.07930503e-13 
 2.50000000e+01  3.00000000e-01  0.00000000e+00  4.50000000e-01  8.00000000e-01  6.62238831e-06  3.09969091e-09 -6.62548685e-06 -1.15502746e-12 
 2.50000000e+01  3.00000000e-01  0.00000000e+00  5.00000000e-01  8.00000000e-01  1.02168376e-05  4.35100672e-09 -1.02211859e-05 -2.68996977e-12 
 2.50000000e+01  3.00000000e-01  0.00000000e+00  5.50000000e-01  8.00000000e-01  1.41468062e-05  5.84679878e-09 -1.41526467e-05 -6.29485353e-12 
 2.50000000e+01  3.00000000e-01  0.00000000e+00  6.00000000e-01  8.00000000e-01  1.82797377e-05  7.60799158e-09 -1.82873310e-05 -1.47211236e-11 
 2.50000000e+01  3.00000000e-01  0.00000000e+00  6.50000000e-01  8.00000000e-01  2.25292415e-05  9.66084647e-09 -2.25388680e-05 -3.43678974e-11 
 2.50000000e+01  3.00000000e-01  0.00000000e+00  7.00000000e-01  8.00000000e-01  2.68367432e-05  1.20416252e-08 -2.68487048e-05 -8.00883596e-11 
 2.50000000e+01  3.00000000e-01  0.00000000e+00  7.50000000e-01  8.00000000e-01  3.11611496e-05  1.48075685e-08 -3.11757710e-05 -1.86233997e-10 
 2.50000000e+01  3.00000000e-01  0.00000000e+00  8.00000000e-01  8.00000000e-01  3.54731498e-05  1.80619601e-08 -3.54907800e-05 -4.31711302e-10 
 2.50000000e+01  3.50000000e-01  0.00000000e+00  0.00000000e+00  8.00000000e-01 -4.10081344e-06  1.11330155e-09  4.09970052e-06 -3.76365605e-13 
 2.50000000e+01  3.50000000e-01  0.00000000e+00  5.00000000e-02  8.00000000e-01 -3.72373291e-06  1.12878280e-09  3.72260447e-06 -3.47662871e-13 
 2.50000000e+01  3.50000000e-01  0.00000000e+00  1.00000000e-01  8.00000000e-01 -3.36201493e-06  1.12879325e-09  3.36088646e-06 -3.21572630e-13 
 2.50000000e+01  3.50000000e-01  0.00000000e+00  1.50000000e-01  8.00000000e-01 -3.00739424e-06  1.11691653e-09  3.00627762e-06 -2.97890185e-13 
 2.50000000e+01  3.50000000e-01  0.00000000e+00  2.00000000e-01  8.00000000e-01 -2.63224196e-06  1.13595969e-09  2.63110628e-06 -2.76546147e-13 
 2.50000000e+01  3.50000000e-01  0.00000000e+00  2.50000000e-01  8.00000000e-01 -2.13458380e-06  1.18689095e-09  2.13339717e-06 -2.57464189e-13 
 2.50000000e+01  3.50000000e-01  0.00000000e+00  3.00000000e-01  8.00000000e-01 -1.30485105e-06  1.26439472e-09  1.30358690e-06 -2.40498593e-13 
 2.50000000e+01  3.50000000e-01  0.00000000e+00  3.50000000e-01  8.00000000e-01 -6.82402010e-10  1.36502926e-09 -6.82402010e-10 -2.25239966e-13 
 2.50000000e+01  3.50000000e-01  0.00000000e+00  4.00000000e-01  8.00000000e-01  2.05646543e-06  2.18941851e-09 -2.05865438e-06 -4.70179451e-13 
 2.50000000e+01  3.50000000e-01  0.00000000e+00  4.50000000e-01  8.00000000e-01  4.96416458e-06  3.22480356e-09 -4.96738832e-06 -1.06473164e-12 
 2.50000000e+01  3.50000000e-01  0.00000000e+00  5.00000000e-01  8.00000000e-01  8.45828552e-06  4.48924980e-09 -8.46277229e-06 -2.47768472e-12 
 2.50000000e+01  3.50000000e-01  0.00000000e+00  5.50000000e-01  8.00000000e-01  1.23234027e-05  5.99948685e-09 -1.23293964e-05 -5.79946161e-12 
 2.50000000e+01  3.50000000e-01  0.00000000e+00  6.00000000e-01  8.00000000e-01  1.64147375e-05  7.77582218e-09 -1.64224998e-05 -1.35686011e-11 
 2.50000000e+01  3.50000000e-01  0.00000000e+00  6.50000000e-01  8.00000000e-01  2.06375543e-05  9.84373775e-09 -2.06473664e-05 -3.16907195e-11 
 2.50000000e+01  3.50000000e-01  0.00000000e+00  7.00000000e-01  8.00000000e-01  2.49280785e-05  1.22381509e-08 -2.49402428e-05 -7.38794130e-11 
 2.50000000e+01  3.50000000e-01  0.00000000e+00  7.50000000e-01  8.00000000e-01  2.92420218e-05  1.50135367e-08 -2.92568635e-05 -1.71870913e-10 
 2.50000000e+01  3.50000000e-01  0.00000000e+00  8.00000000e-01  8.00000000e-01  3.35480784e-05  1.82671335e-08 -3.35659469e-05 -3.98642012e-10 
 2.50000000e+01  4.00000000e-01  0.00000000e+00  0.00000000e+00  8.00000000e-01 -7.44519808e-06  1.91635302e-09  7.44328256e-06 -8.32160729e-13 
 2.50000000e+01  4.00000000e-01  0.00000000e+00  5.00000000e-02  8.00000000e-01 -6.90718493e-06  1.93037496e-09  6.90525532e-06 -7.64933256e-13 
 2.50000000e+01  4.00000000e-01  0.00000000e+00  1.00000000e-01  8.00000000e-01 -6.37921373e-06  1.92931513e-09  6.37728512e-06 -7.03374858e-13 
 2.50000000e+01  4.00000000e-01  0.00000000e+00  1.50000000e-01  8.00000000e-01 -5.84974302e-06  1.91708369e-09  5.84782658e-06 -6.47124715e-13 
 2.50000000e+01  4.00000000e-01  0.00000000e+00  2.00000000e-01  8.00000000e-01 -5.28589699e-06  1.93713002e-09  5.28396045e-06 -5.95915678e-13 
 2.50000000e+01  4.00000000e-01  0.00000000e+00  2.50000000e-01  8.00000000e-01 -4.58936445e-06  1.99138319e-09  4.58737361e-06 -5.49619378e-13 
 2.50000000e+01  4.00000000e-01  0.00000000e+00  3.00000000e-01  8.00000000e-01 -3.56756920e-06  2.07540728e-09  3.56549430e-06 -5.07930503e-13 
 2.50000000e+01  4.00000000e-01  0.00000000e+00  3.50000000e-01  8.00000000e-01 -2.05865438e-06  2.18941851e-09  2.05646543e-06 -4.70179451e-13 
 2.50000000e+01  4.00000000e-01  0.00000000e+00  4.00000000e-01  8.00000000e-01 -1.16333565e-09  2.32710708e-09 -1.16333565e-09 -4.35790293e-13 
 2.50000000e+01  4.00000000e-01  0.00000000e+00  4.50000000e-01  8.00000000e-01  2.76530588e-06  3.38241280e-09 -2.76868731e-06 -9.82103288e-13 
 2.50000000e+01  4.00000000e-01  0.00000000e+00  5.00000000e-01  8.00000000e-01  6.18716616e-06  4.66239250e-09 -6.19182627e-06 -2.28277466e-12 
 2.50000000e+01  4.00000000e-01  0.00000000e+00  5.50000000e-01  8.00000000e-01  1.00220874e-05  6.19091546e-09 -1.00282730e-05 -5.34370118e-12 
 2.50000000e+01  4.00000000e-01  0.00000000e+00  6.00000000e-01  8.00000000e-01  1.41075063e-05  7.98728566e-09 -1.41154811e-05 -1.25068879e-11 
 2.50000000e+01  4.00000000e-01  0.00000000e+00  6.50000000e-01  8.00000000e-01  1.83380287e-05  1.00761588e-08 -1.83480756e-05 -2.92223606e-11 
 2.50000000e+01  4.00000000e-01  0.00000000e+00  7.00000000e-01  8.00000000e-01  2.26437820e-05  1.24911471e-08 -2.26562050e-05 -6.81508842e-11 
 2.50000000e+01  4.00000000e-01  0.00000000e+00  7.50000000e-01  8.00000000e-01  2.69770176e-05  1.52841059e-08 -2.69921431e-05 -1.58610399e-10 
 2.50000000e+01  4.00000000e-01  0.00000000e+00  8.00000000e-01  8.00000000e-01  3.13044504e-05  1.85466074e-08 -3.13226289e-05 -3.68084896e-10 
 2.50000000e+01  4.50000000e-01  0.00000000e+00  0.00000000e+00  8.00000000e-01 -1.14537412e-05  2.93035599e-09  1.14508128e-05 -1.90939278e-12 
 2.50000000e+01  4.50000000e-01  0.00000000e+00  5.00000000e-02  8.00000000e-01 -1.07785194e-05  2.94258023e-09  1.07755785e-05 -1.75486362e-12 
 2.50000000e+01  4.50000000e-01  0.00000000e+00  1.00000000e-01  8.00000000e-01 -1.01065709e-05  2.94027826e-09  1.01036323e-05 -1.61281058e-12 
 2.50000000e+01  4.50000000e-01  0.00000000e+00  1.50000000e-01  8.00000000e-01 -9.42305518e-06  2.92777903e-09  9.42012888e-06 -1.48240448e-12 
 2.50000000e+01  4.50000000e-01  0.00000000e+00  2.00000000e-01  8.00000000e-01 -8.69078216e-06  2.94929082e-09  8.68783423e-06 -1.36297570e-12 
 2.50000000e+01  4.50000000e-01  0.00000000e+00  2.50000000e-01  8.00000000e-01 -7.81514974e-06  3.00777064e-09  7.81214323e-06 -1.25408017e-12 
 2.50000000e+01  4.50000000e-01  0.00000000e+00  3.00000000e-01  8.00000000e-01 -6.62548685e-06  3.09969091e-09  6.62238831e-06 -1.15502746e-12 
 2.50000000e+01  4.50000000e-01  0.00000000e+00  3.50000000e-01  8.00000000e-01 -4.96738832e-06  3.22480356e-09  4.96416458e-06 -1.06473164e-12 
 2.50000000e+01  4.50000000e-01  0.00000000e+00  4.00000000e-01  8.00000000e-01 -2.76868731e-06  3.38241280e-09  2.76530588e-06 -9.82103288e-13 
 2.50000000e+01  4.50000000e-01  0.00000000e+00  4.50000000e-01  8.00000000e-01 -1.78154315e-09  3.56399262e-09 -1.78154315e-09 -9.06330566e-13 
 2.50000000e+01  4.50000000e-01  0.00000000e+00  5.00000000e-01  8.00000000e-01  3.37230495e-06  4.87125731e-09 -3.37717411e-06 -2.10360201e-12 
 2.50000000e+01  4.50000000e-01  0.00000000e+00  5.50000000e-01  8.00000000e-01  7.21063883e-06  6.41955607e-09 -7.21705346e-06 -4.92408891e-12 
 2.50000000e+01  4.50000000e-01  0.00000000e+00  6.00000000e-01  8.00000000e-01  1.13255927e-05  8.23913954e-09 -1.13338203e-05 -1.15284553e-11 
 2.50000000e+01  4.50000000e-01  0.00000000e+00  6.50000000e-01  8.00000000e-01  1.55982102e-05  1.03532435e-08 -1.56085364e-05 -2.69461016e-11 
 2.50000000e+01  4.50000000e-01  0.00000000e+00  7.00000000e-01  8.00000000e-01  1.99514379e-05  1.27941723e-08 -1.99641692e-05 -6.28652685e-11 
 2.50000000e+01  4.50000000e-01  0.00000000e+00  7.50000000e-01  8.00000000e-01  2.43337614e-05  1.56113465e-08 -2.43492264e-05 -1.46367866e-10 
 2.50000000e+01  4.50000000e-01  0.00000000e+00  8.00000000e-01  8.00000000e-01  2.87099404e-05  1.88910913e-08 -2.87284916e-05 -3.39851047e-10 
 2.50000000e+01  5.00000000e-01  0.00000000e+00  0.00000000e+00  8.00000000e-01 -1.58386289e-05  4.17028239e-09  1.58344630e-05 -4.43226358e-12 
 2.50000000e+01  5.00000000e-01  0.00000000e+00  5.00000000e-02  8.00000000e-01 -1.50467614e-05  4.18030001e-09  1.50425852e-05 -4.07781794e-12 
 2.50000000e+01  5.00000000e-01  0.00000000e+00  1.00000000e-01  8.00000000e-01 -1.42520286e-05  4.17650767e-09  1.42478558e-05 -3.75134299e-12 
 2.50000000e+01  5.00000000e-01  0.00000000e+00  1.50000000e-01  8.00000000e-01 -1.34371763e-05  4.16371072e-09  1.34330161e-05 -3.45091664e-12 
 2.50000000e+01  5.00000000e-01  0.00000000e+00  2.00000000e-01  8.00000000e-01 -1.25630164e-05  4.18692389e-09  1.25588326e-05 -3.17483886e-12 
 2.50000000e+01  5.00000000e-01  0.00000000e+00  2.50000000e-01  8.00000000e-01 -1.15409370e-05  4.25017797e-09  1.15366898e-05 -2.92169067e-12 
 2.50000000e+01  5.00000000e-01  0.00000000e+00  3.00000000e-01  8.00000000e-01 -1.02211859e-05  4.35100672e-09  1.02168376e-05 -2.68996977e-12 
 2.50000000e+01  5.00000000e-01  0.00000000e+00  3.50000000e-01  8.00000000e-01 -8.46277229e-06  4.48924980e-09  8.45828552e-06 -2.47768472e-12 
 2.50000000e+01  5.00000000e-01  0.00000000e+00  4.00000000e-01  8.00000000e-01 -6.19182627e-06  4.66239250e-09  6.18716616e-06 -2.28277466e-12 
 2.50000000e+01  5.00000000e-01  0.00000000e+00  4.50000000e-01  8.00000000e-01 -3.37717411e-06  4.87125731e-09  3.37230495e-06 -2.10360201e-12 
 2.50000000e+01  5.00000000e-01  0.00000000e+00  5.00000000e-01  8.00000000e-01 -2.55117057e-09  5.10427993e-09 -2.55117057e-09 -1.93879288e-12 
 2.50000000e+01  5.00000000e-01  0.00000000e+00  5.50000000e-01  8.00000000e-01  3.87252241e-06  6.68805849e-09 -3.87920593e-06 -4.53759599e-12 
 2.50000000e+01  5.00000000e-01  0.00000000e+00  6.00000000e-01  8.00000000e-01  8.05282521e-06  8.53151481e-09 -8.06134610e-06 -1.06265517e-11 
 2.50000000e+01  5.00000000e-01  0.00000000e+00  6.50000000e-01  8.00000000e-01  1.24023298e-05  1.06734935e-08 -1.24129785e-05 -2.48467358e-11 
 2.50000000e+01  5.00000000e-01  0.00000000e+00  7.00000000e-01  8.00000000e-01  1.68355366e-05  1.31441251e-08 -1.68486228e-05 -5.79880866e-11 
 2.50000000e+01  5.00000000e-01  0.00000000e+00  7.50000000e-01  8.00000000e-01  2.12968201e-05  1.59904339e-08 -2.13126754e-05 -1.35065355e-10 
 2.50000000e+01  5.00000000e-01  0.00000000e+00  8.00000000e-01  8.00000000e-01  2.57490205e-05  1.92938847e-08 -2.57680006e-05 -3.13765579e-10 
 2.50000000e+01  5.50000000e-01  0.00000000e+00  0.00000000e+00  8.00000000e-01 -2.04247806e-05  5.65558341e-09  2.04191354e-05 -1.03184961e-11 
 2.50000000e+01  5.50000000e-01  0.00000000e+00  5.00000000e-02  8.00000000e-01 -1.95317823e-05  5.66276626e-09  1.95261291e-05 -9.50297133e-12 
 2.50000000e+01  5.50000000e-01  0.00000000e+00  1.00000000e-01  8.00000000e-01 -1.86309085e-05  5.65700667e-09  1.86252603e-05 -8.75119768e-12 
 2.50000000e+01  5.50000000e-01  0.00000000e+00  1.50000000e-01  8.00000000e-01 -1.77035315e-05  5.64361606e-09  1.76978959e-05 -8.05841852e-12 
 2.50000000e+01  5.50000000e-01  0.00000000e+00  2.00000000e-01  8.00000000e-01 -1.67104748e-05  5.66842302e-09  1.67048138e-05 -7.42053988e-12 
 2.50000000e+01  5.50000000e-01  0.00000000e+00  2.50000000e-01  8.00000000e-01 -1.55705301e-05  5.73655566e-09  1.55648003e-05 -6.83387374e-12 
 2.50000000e+01  5.50000000e-01  0.00000000e+00  3.00000000e-01  8.00000000e-01 -1.41526467e-05  5.84679878e-09  1.41468062e-05 -6.29485353e-12 
 2.50000000e+01  5.50000000e-01  0.00000000e+00  3.50000000e-01  8.00000000e-01 -1.23293964e-05  5.99948685e-09  1.23234027e-05 -5.79946161e-12 
 2.50000000e+01  5.50000000e-01  0.00000000e+00  4.00000000e-01  8.00000000e-01 -1.00282730e-05  6.19091546e-09  1.00220874e-05 -5.34370118e-12 
 2.50000000e+01  5.50000000e-01  0.00000000e+00  4.50000000e-01  8.00000000e-01 -7.21705346e-06  6.41955607e-09  7.21063883e-06 -4.92408891e-12 
 2.50000000e+01  5.50000000e-01  0.00000000e+00  5.00000000e-01  8.00000000e-01 -3.87920593e-06  6.68805849e-09  3.87252241e-06 -4.53759599e-12 
 2.50000000e+01  5.50000000e-01  0.00000000e+00  5.50000000e-01  8.00000000e-01 -3.48827353e-09  6.98072862e-09 -3.48827353e-09 -4.18157176e-12 
 2.50000000e+01  5.50000000e-01  0.00000000e+00  6.00000000e-01  8.00000000e-01  4.27882065e-06  8.86873768e-09 -4.28767960e-06 -9.79511958e-12 
 2.50000000e+01  5.50000000e-01  0.00000000e+00  6.50000000e-01  8.00000000e-01  8.74089606e-06  1.10384830e-08 -8.75191163e-06 -2.29104409e-11 
 2.50000000e+01  5.50000000e-01  0.00000000e+00  7.00000000e-01  8.00000000e-01  1.32873090e-05  1.35411332e-08 -1.33007967e-05 -5.34877975e-11 
 2.50000000e+01  5.50000000e-01  0.00000000e+00  7.50000000e-01  8.00000000e-01  1.78579337e-05  1.64201435e-08 -1.78742292e-05 -1.24630983e-10 
 2.50000000e+01  5.50000000e-01  0.00000000e+00  8.00000000e-01  8.00000000e-01  2.24137331e-05  1.97522598e-08 -2.24331957e-05 -2.89666725e-10 
 2.50000000e+01  6.00000000e-01  0.00000000e+00  0.00000000e+00  8.00000000e-01 -2.51092745e-05  7.40985871e-09  2.51018887e-05 -2.40266973e-11 
 2.50000000e+01  6.00000000e-01  0.00000000e+00  5.00000000e-02  8.00000000e-01 -2.41274073e-05  7.41316270e-09  2.41200163e-05 -2.21446264e-11 
 2.50000000e+01  6.00000000e-01  0.00000000e+00  1.00000000e-01  8.00000000e-01 -2.31337616e-05  7.40455343e-09  2.31263774e-05 -2.04086748e-11 
 2.50000000e+01  6.00000000e-01  0.00000000e+00  1.50000000e-01  8.00000000e-01 -2.21091803e-05  7.38986155e-09  2.21018092e-05 -1.88078719e-11 
 2.50000000e+01  6.00000000e-01  0.00000000e+00  2.00000000e-01  8.00000000e-01 -2.10157854e-05  7.41572064e-09  2.10083870e-05 -1.73322398e-11 
 2.50000000e+01  6.00000000e-01  0.00000000e+00  2.50000000e-01  8.00000000e-01 -1.97800950e-05  7.48836453e-09  1.97726226e-05 -1.59728238e-11 
 2.50000000e+01  6.00000000e-01  0.00000000e+00  3.00000000e-01  8.00000000e-01 -1.82873310e-05  7.60799158e-09  1.82797377e-05 -1.47211236e-11 
 2.50000000e+01  6.00000000e-01  0.00000000e+00  3.50000000e-01  8.00000000e-01 -1.64224998e-05  7.77582218e-09  1.64147375e-05 -1.35686011e-11 
 2.50000000e+01  6.00000000e-01  0.00000000e+00  4.00000000e-01  8.00000000e-01 -1.41154811e-05  7.98728566e-09  1.41075063e-05 -1.25068879e-11 
 2.50000000e+01  6.00000000e-01  0.00000000e+00  4.50000000e-01  8.00000000e-01 -1.13338203e-05  8.23913954e-09  1.13255927e-05 -1.15284553e-11 
 2.50000000e+01  6.00000000e-01  0.00000000e+00  5.00000000e-01  8.00000000e-01 -8.06134610e-06  8.53151481e-09  8.05282521e-06 -1.06265517e-11 
 2.50000000e+01  6.00000000e-01  0.00000000e+00  5.50000000e-01  8.00000000e-01 -4.28767960e-06  8.86873768e-09  4.27882065e-06 -9.79511958e-12 
 2.50000000e+01  6.00000000e-01  0.00000000e+00  6.00000000e-01  8.00000000e-01 -4.61042814e-09  9.22988490e-09 -4.61042814e-09 -9.02861466e-12 
 2.50000000e+01  6.00000000e-01  0.00000000e+00  6.50000000e-01  8.00000000e-01  4.60681562e-06  1.14541344e-08 -4.61824863e-06 -2.11245223e-11 
 2.50000000e+01  6.00000000e-01  0.00000000e+00  7.00000000e-01  8.00000000e-01  9.30062130e-06  1.39879633e-08 -9.31455993e-06 -4.93352824e-11 
 2.50000000e+01  6.00000000e-01  0.00000000e+00  7.50000000e-01  8.00000000e-01  1.40117200e-05  1.69018955e-08 -1.40285069e-05 -1.14998431e-10 
 2.50000000e+01  6.00000000e-01  0.00000000e+00  8.00000000e-01  8.00000000e-01  1.86992473e-05  2.02664896e-08 -1.87192464e-05 -2.67404775e-10 
 2.50000000e+01  6.50000000e-01  0.00000000e+00  0.00000000e+00  8.00000000e-01 -2.98279354e-05  9.46393803e-09  2.98185274e-05 -5.59059986e-11 
 2.50000000e+01  6.50000000e-01  0.00000000e+00  5.00000000e-02  8.00000000e-01 -2.87674553e-05  9.46146539e-09  2.87580454e-05 -5.15559193e-11 
 2.50000000e+01  6.50000000e-01  0.00000000e+00  1.00000000e-01  8.00000000e-01 -2.76922486e-05  9.44832221e-09  2.76828478e-05 -4.75419044e-11 
 2.50000000e+01  6.50000000e-01  0.00000000e+00  1.50000000e-01  8.00000000e-01 -2.65832210e-05  9.43086106e-09  2.65738339e-05 -4.38384780e-11 
 2.50000000e+01  6.50000000e-01  0.00000000e+00  2.00000000e-01  8.00000000e-01 -2.54044849e-05  9.45650543e-09  2.53950688e-05 -4.04223113e-11 
 2.50000000e+01  6.50000000e-01  0.00000000e+00  2.50000000e-01  8.00000000e-01 -2.40899607e-05  9.53259162e-09  2.40804653e-05 -3.72720708e-11 
 2.50000000e+01  6.50000000e-01  0.00000000e+00  3.00000000e-01  8.00000000e-01 -2.25388680e-05  9.66084647e-09  2.25292415e-05 -3.43678974e-11 
 2.50000000e+01  6.50000000e-01  0.00000000e+00  3.50000000e-01  8.00000000e-01 -2.06473664e-05  9.84373775e-09  2.06375543e-05 -3.16907195e-11 
 2.50000000e+01  6.50000000e-01  0.00000000e+00  4.00000000e-01  8.00000000e-01 -1.83480756e-05  1.00761588e-08  1.83380287e-05 -2.92223606e-11 
 2.50000000e+01  6.50000000e-01  0.00000000e+00  4.50000000e-01  8.00000000e-01 -1.56085364e-05  1.03532435e-08  1.55982102e-05 -2.69461016e-11 
 2.50000000e+01  6.50000000e-01  0.00000000e+00  5.00000000e-01  8.00000000e-01 -1.24129785e-05  1.06734935e-08  1.24023298e-05 -2.48467358e-11 
 2.50000000e+01  6.50000000e-01  0.00000000e+00  5.50000000e-01  8.00000000e-01 -8.75191163e-06  1.10384830e-08  8.74089606e-06 -2.29104409e-11 
 2.50000000e+01  6.50000000e-01  0.00000000e+00  6.00000000e-01  8.00000000e-01 -4.61824863e-06  1.14541344e-08  4.60681562e-06 -2.11245223e-11 
 2.50000000e+01  6.50000000e-01  0.00000000e+00  6.50000000e-01  8.00000000e-01 -5.93684193e-09  1.18931612e-08 -5.93684193e-09 -1.94773364e-11 
 2.50000000e+01  6.50000000e-01  0.00000000e+00  7.00000000e-01  8.00000000e-01  4.87048242e-06  1.44921514e-08 -4.88492906e-06 -4.55037917e-11 
 2.50000000e+01  6.50000000e-01  0.00000000e+00  7.50000000e-01  8.00000000e-01  9.75404900e-06  1.74394881e-08 -9.77138238e-06 -1.06106447e-10 
 2.50000000e+01  6.50000000e-01  0.00000000e+00  8.00000000e-01  8.00000000e-01  1.46020996e-05  2.08390133e-08 -1.46226918e-05 -2.46841193e-10 
 2.50000000e+01  7.00000000e-01  0.00000000e+00  0.00000000e+00  8.00000000e-01 -3.45381387e-05  1.18635712e-08  3.45264051e-05 -1.29908685e-10 
 2.50000000e+01  7.00000000e-01  0.00000000e+00  5.00000000e-02  8.00000000e-01 -3.34078946e-05  1.18515474e-08  3.33961629e-05 -1.19858748e-10 
 2.50000000e+01  7.00000000e-01  0.00000000e+00  1.00000000e-01  8.00000000e-01 -3.22607622e-05  1.18304440e-08  3.22490423e-05 -1.10580999e-10 
 2.50000000e+01  7.00000000e-01  0.00000000e+00  1.50000000e-01  8.00000000e-01 -3.10780946e-05  1.18071262e-08  3.10663895e-05 -1.02016898e-10 
 2.50000000e+01  7.00000000e-01  0.00000000e+00  2.00000000e-01  8.00000000e-01 -2.98263025e-05  1.18297855e-08  2.98145668e-05 -9.41125441e-11 
 2.50000000e+01  7.00000000e-01  0.00000000e+00  2.50000000e-01  8.00000000e-01 -2.84460992e-05  1.19068449e-08  2.84342792e-05 -8.68183581e-11 
 2.50000000e+01  7.00000000e-01  0.00000000e+00  3.00000000e-01  8.00000000e-01 -2.68487048e-05  1.20416252e-08  2.68367432e-05 -8.00883596e-11 
 2.50000000e+01  7.00000000e-01  0.00000000e+00  3.50000000e-01  8.00000000e-01 -2.49402428e-05  1.22381509e-08  2.49280785e-05 -7.38794130e-11 
 2.50000000e+01  7.00000000e-01  0.00000000e+00  4.00000000e-01  8.00000000e-01 -2.26562050e-05  1.24911471e-08  2.26437820e-05 -6.81508842e-11 
 2.50000000e+01  7.00000000e-01  0.00000000e+00  4.50000000e-01  8.00000000e-01 -1.99641692e-05  1.27941723e-08  1.99514379e-05 -6.28652685e-11 
 2.50000000e+01  7.00000000e-01  0.00000000e+00  5.00000000e-01  8.00000000e-01 -1.68486228e-05  1.31441251e-08  1.68355366e-05 -5.79880866e-11 
 2.50000000e+01  7.00000000e-01  0.00000000e+00  5.50000000e-01  8.00000000e-01 -1.33007967e-05  1.35411332e-08  1.32873090e-05 -5.34877975e-11 
 2.50000000e+01  7.00000000e-01  0.00000000e+00  6.00000000e-01  8.00000000e-01 -9.31455993e-06  1.39879633e-08  9.30062130e-06 -4.93352824e-11 
 2.50000000e+01  7.00000000e-01  0.00000000e+00  6.50000000e-01  8.00000000e-01 -4.88492906e-06  1.44921514e-08  4.87048242e-06 -4.55037917e-11 
 2.50000000e+01  7.00000000e-01  0.00000000e+00  7.00000000e-01  8.00000000e-01 -7.48843564e-09  1.50188398e-08 -7.48843564e-09 -4.19685814e-11 
 2.50000000e+01  7.00000000e-01  0.00000000e+00  7.50000000e-01  8.00000000e-01  5.08141404e-06  1.80421518e-08 -5.09935830e-06 -9.78984394e-11 
 2.50000000e+01  7.00000000e-01  0.00000000e+00  8.00000000e-01  8.00000000e-01  1.01195020e-05  2.14745620e-08 -1.01407487e-05 -2.27847741e-10 
 2.50000000e+01  7.50000000e-01  0.00000000e+00  0.00000000e+00  8.00000000e-01 -3.92105495e-05  1.46870586e-08  3.91961636e-05 -3.01178759e-10 
 2.50000000e+01  7.50000000e-01  0.00000000e+00  5.00000000e-02  8.00000000e-01 -3.80182791e-05  1.46574986e-08  3.80038996e-05 -2.78026352e-10 
 2.50000000e+01  7.50000000e-01  0.00000000e+00  1.00000000e-01  8.00000000e-01 -3.68075932e-05  1.46211076e-08  3.67932287e-05 -2.56639102e-10 
 2.50000000e+01  7.50000000e-01  0.00000000e+00  1.50000000e-01  8.00000000e-01 -3.55605285e-05  1.45852321e-08  3.55461802e-05 -2.36884335e-10 
 2.50000000e+01  7.50000000e-01  0.00000000e+00  2.00000000e-01  8.00000000e-01 -3.42458763e-05  1.45987917e-08  3.42314961e-05 -2.18639357e-10 
 2.50000000e+01  7.50000000e-01  0.00000000e+00  2.50000000e-01  8.00000000e-01 -3.28104518e-05  1.46712603e-08  3.27959823e-05 -2.01790886e-10 
 2.50000000e+01  7.50000000e-01  0.00000000e+00  3.00000000e-01  8.00000000e-01 -3.11757710e-05  1.48075685e-08  3.11611496e-05 -1.86233997e-10 
 2.50000000e+01  7.50000000e-01  0.00000000e+00  3.50000000e-01  8.00000000e-01 -2.92568635e-05  1.50135367e-08  2.92420218e-05 -1.71870913e-10 
 2.50000000e+01  7.50000000e-01  0.00000000e+00  4.00000000e-01  8.00000000e-01 -2.69921431e-05  1.52841059e-08  2.69770176e-05 -1.58610399e-10 
 2.50000000e+01  7.50000000e-01  0.00000000e+00  4.50000000e-01  8.00000000e-01 -2.43492264e-05  1.56113465e-08  2.43337614e-05 -1.46367866e-10 
 2.50000000e+01  7.50000000e-01  0.00000000e+00  5.00000000e-01  8.00000000e-01 -2.13126754e-05  1.59904339e-08  2.12968201e-05 -1.35065355e-10 
 2.50000000e+01  7.50000000e-01  0.00000000e+00  5.50000000e-01  8.00000000e-01 -1.78742292e-05  1.64201435e-08  1.78579337e-05 -1.24630983e-10 
 2.50000000e+01  7.50000000e-01  0.00000000e+00  6.00000000e-01  8.00000000e-01 -1.40285069e-05  1.69018955e-08  1.40117200e-05 -1.14998431e-10 
 2.50000000e+01  7.50000000e-01  0.00000000e+00  6.50000000e-01  8.00000000e-01 -9.77138238e-06  1.74394881e-08  9.75404900e-06 -1.06106447e-10 
 2.50000000e+01  7.50000000e-01  0.00000000e+00  7.00000000e-01  8.00000000e-01 -5.09935830e-06  1.80421518e-08  5.08141404e-06 -9.78984394e-11 
 2.50000000e+01  7.50000000e-01  0.00000000e+00  7.50000000e-01  8.00000000e-01 -9.28791217e-09  1.86661465e-08 -9.28791217e-09 -9.03221387e-11 
 2.50000000e+01  7.50000000e-01  0.00000000e+00  8.00000000e-01  8.00000000e-01  5.24905003e-06  2.21841751e-08 -5.27102390e-06 -2.10305710e-10 
 2.50000000e+01  8.00000000e-01  0.00000000e+00  0.00000000e+00  8.00000000e-01 -4.38248244e-05  1.80846902e-08  4.38074351e-05 -6.95415794e-10 
 2.50000000e+01  8.00000000e-01  0.00000000e+00  5.00000000e-02  8.00000000e-01 -4.25773344e-05  1.80202346e-08  4.25599566e-05 -6.42420162e-10 
 2.50000000e+01  8.00000000e-01  0.00000000e+00  1.00000000e-01  8.00000000e-01 -4.13104079e-05  1.79525289e-08  4.12930488e-05 -5.93414221e-10 
 2.50000000e+01  8.00000000e-01  0.00000000e+00  1.50000000e-01  8.00000000e-01 -4.00069014e-05  1.78893236e-08  3.99895602e-05 -5.48103649e-10 
 2.50000000e+01  8.00000000e-01  0.00000000e+00  2.00000000e-01  8.00000000e-01 -3.86379448e-05  1.78801868e-08  3.86205709e-05 -5.06215379e-10 
 2.50000000e+01  8.00000000e-01  0.00000000e+00  2.50000000e-01  8.00000000e-01 -3.71557796e-05  1.79355669e-08  3.71383115e-05 -4.67496240e-10 
 2.50000000e+01  8.00000000e-01  0.00000000e+00  3.00000000e-01  8.00000000e-01 -3.54907800e-05  1.80619601e-08  3.54731498e-05 -4.31711302e-10 
 2.50000000e+01  8.00000000e-01  0.00000000e+00  3.50000000e-01  8.00000000e-01 -3.35659469e-05  1.82671335e-08  3.35480784e-05 -3.98642012e-10 
 2.50000000e+01  8.00000000e-01  0.00000000e+00  4.00000000e-01  8.00000000e-01 -3.13226289e-05  1.85466074e-08  3.13044504e-05 -3.68084896e-10 
 2.50000000e+01  8.00000000e-01  0.00000000e+00  4.50000000e-01  8.00000000e-01 -2.87284916e-05  1.88910913e-08  2.87099404e-05 -3.39851047e-10 
 2.50000000e+01  8.00000000e-01  0.00000000e+00  5.00000000e-01  8.00000000e-01 -2.57680006e-05  1.92938847e-08  2.57490205e-05 -3.13765579e-10 
 2.50000000e+01  8.00000000e-01  0.00000000e+00  5.50000000e-01  8.00000000e-01 -2.24331957e-05  1.97522598e-08  2.24137331e-05 -2.89666725e-10 
 2.50000000e+01  8.00000000e-01  0.00000000e+00  6.00000000e-01  8.00000000e-01 -1.87192464e-05  2.02664896e-08  1.86992473e-05 -2.67404775e-10 
 2.50000000e+01  8.00000000e-01  0.00000000e+00  6.50000000e-01  8.00000000e-01 -1.46226918e-05  2.08390133e-08  1.46020996e-05 -2.46841193e-10 
 2.50000000e+01  8.00000000e-01  0.00000000e+00  7.00000000e-01  8.00000000e-01 -1.01407487e-05  2.14745620e-08  1.01195020e-05 -2.27847741e-10 
 2.50000000e+01  8.00000000e-01  0.00000000e+00  7.50000000e-01  8.00000000e-01 -5.27102390e-06  2.21841751e-08  5.24905003e-06 -2.10305710e-10 
 2.50000000e+01  8.00000000e-01  0.00000000e+00  8.00000000e-01  8.00000000e-01 -1.13598420e-08  2.29137893e-08 -1.13598420e-08 -1.94105239e-10 
