 2.50000000e+01  0.00000000e+00  8.00000000e-01  0.00000000e+00  8.00000000e-01  1.06841324e-09 -2.13681872e-09  1.06841324e-09 -3.46944695e-18 
 2.50000000e+01  0.00000000e+00  8.00000000e-01  5.00000000e-02  8.00000000e-01  1.06841324e-09 -1.97650607e-09  9.08092840e-10  0.00000000e+00 
 2.50000000e+01  0.00000000e+00  8.00000000e-01  1.00000000e-01  8.00000000e-01  1.06841324e-09 -1.83449700e-09  7.66086713e-10  0.00000000e+00 
 2.50000000e+01  0.00000000e+00  8.00000000e-01  1.50000000e-01  8.00000000e-01  1.06841324e-09 -1.70923187e-09  6.40823582e-10  0.00000000e+00 
 2.50000000e+01  0.00000000e+00  8.00000000e-01  2.00000000e-01  8.00000000e-01  1.06841324e-09 -1.59925762e-09  5.30846720e-10  0.00000000e+00 
 2.50000000e+01  0.00000000e+00  8.00000000e-01  2.50000000e-01  8.00000000e-01  1.06841325e-09 -1.50322066e-09  4.34806399e-10  0.00000000e+00 
 2.50000000e+01  0.00000000e+00  8.00000000e-01  3.00000000e-01  8.00000000e-01  1.06841328e-09 -1.41986689e-09  3.51452780e-10  0.00000000e+00 
 2.50000000e+01  0.00000000e+00  8.00000000e-01  3.50000000e-01  8.00000000e-01  1.06841351e-09 -1.34804168e-09  2.79629132e-10  0.00000000e+00 
 2.50000000e+01  0.00000000e+00  8.00000000e-01  4.00000000e-01  8.00000000e-01  1.06841519e-09 -1.28667921e-09  2.18264682e-10  0.00000000e+00 
 2.50000000e+01  0.00000000e+00  8.00000000e-01  4.50000000e-01  8.00000000e-01  1.06842702e-09 -1.23478827e-09  1.66362337e-10  0.00000000e+00 
 2.50000000e+01  0.00000000e+00  8.00000000e-01  5.00000000e-01  8.00000000e-01  1.06850987e-09 -1.19145938e-09  1.22948535e-10  0.00000000e+00 
 2.50000000e+01  0.00000000e+00  8.00000000e-01  5.50000000e-01  8.00000000e-01  1.06908319e-09 -1.15583632e-09  8.67616825e-11  0.00000000e+00 
 2.50000000e+01  0.00000000e+00  8.00000000e-01  6.00000000e-01  8.00000000e-01  1.07299131e-09 -1.12716947e-09  5.41809536e-11  0.00000000e+00 
 2.50000000e+01  0.00000000e+00  8.00000000e-01  6.50000000e-01  8.00000000e-01  1.09909016e-09 -1.10472342e-09  5.63513395e-12  0.00000000e+00 
 2.50000000e+01  0.00000000e+00  8.00000000e-01  7.00000000e-01  8.00000000e-01  1.26784317e-09 -1.08784803e-09 -1.79997670e-10 -3.46944695e-18 
 2.50000000e+01  0.00000000e+00  8.00000000e-01  7.50000000e-01  8.00000000e-01  2.29968214e-09 -1.07592157e-09 -1.22375491e-09 -1.38777878e-17 
 2.50000000e+01  0.00000000e+00  8.00000000e-01  8.00000000e-01  8.00000000e-01  8.02807820e-09 -1.06841114e-09 -6.95966489e-09 -6.59194921e-17 
 2.50000000e+01  5.00000000e-02  8.00000000e-01  0.00000000e+00  8.00000000e-01  9.08092840e-10 -1.97650607e-09  1.06841324e-09  0.00000000e+00 
 2.50000000e+01  5.00000000e-02  8.00000000e-01  5.00000000e-02  8.00000000e-01  9.08092840e-10 -1.81618276e-09  9.08092840e-10  0.00000000e+00 
 2.50000000e+01  5.00000000e-02  8.00000000e-01  1.00000000e-01  8.00000000e-01  9.08092840e-10 -1.67417724e-09  7.66086713e-10  0.00000000e+00 
 2.50000000e+01  5.00000000e-02  8.00000000e-01  1.50000000e-01  8.00000000e-01  9.08092840e-10 -1.54891566e-09  6.40823582e-10  0.00000000e+00 
 2.50000000e+01  5.00000000e-02  8.00000000e-01  2.00000000e-01  8.00000000e-01  9.08092841e-10 -1.43893786e-09  5.30846720e-10  0.00000000e+00 
 2.50000000e+01  5.00000000e-02  8.00000000e-01  2.50000000e-01  8.00000000e-01  9.08092844e-10 -1.34289380e-09  4.34806400e-10  0.00000000e+00 
 2.50000000e+01  5.00000000e-02  8.00000000e-01  3.00000000e-01  8.00000000e-01  9.08092870e-10 -1.25954713e-09  3.51452787e-10  0.00000000e+00 
 2.50000000e+01  5.00000000e-02  8.00000000e-01  3.50000000e-01  8.00000000e-01  9.08093060e-10 -1.18771482e-09  2.79629184e-10  0.00000000e+00 
 2.50000000e+01  5.00000000e-02  8.00000000e-01  4.00000000e-01  8.00000000e-01  9.08094415e-10 -1.12635945e-09  2.18265050e-10  0.00000000e+00 
 2.50000000e+01  5.00000000e-02  8.00000000e-01  4.50000000e-01  8.00000000e-01  9.08104027e-10 -1.07446851e-09  1.66364924e-10  0.00000000e+00 
 2.50000000e+01  5.00000000e-02  8.00000000e-01  5.00000000e-01  8.00000000e-01  9.08171459e-10 -1.03113607e-09  1.22966547e-10  0.00000000e+00 
 2.50000000e+01  5.00000000e-02  8.00000000e-01  5.50000000e-01  8.00000000e-01  9.08638928e-10 -9.95520111e-10  8.68855379e-11  0.00000000e+00 
 2.50000000e+01  5.00000000e-02  8.00000000e-01  6.00000000e-01  8.00000000e-01  9.11832513e-10 -9.66849711e-10  5.50193519e-11  0.00000000e+00 
 2.50000000e+01  5.00000000e-02  8.00000000e-01  6.50000000e-01  8.00000000e-01  9.33219677e-10 -9.44400114e-10  1.11852129e-11  0.00000000e+00 
 2.50000000e+01  5.00000000e-02  8.00000000e-01  7.00000000e-01  8.00000000e-01  1.07208728e-09 -9.27528276e-10 -1.44562182e-10 -3.46944695e-18 
 2.50000000e+01  5.00000000e-02  8.00000000e-01  7.50000000e-01  8.00000000e-01  1.92709046e-09 -9.15601817e-10 -1.01148363e-09 -3.46944695e-18 
 2.50000000e+01  5.00000000e-02  8.00000000e-01  8.00000000e-01  8.00000000e-01  6.72729395e-09 -9.08094933e-10 -5.81920106e-09 -5.55111512e-17 
 2.50000000e+01  1.00000000e-01  8.00000000e-01  0.00000000e+00  8.00000000e-01  7.66086713e-10 -1.83449700e-09  1.06841324e-09  0.00000000e+00 
 2.50000000e+01  1.00000000e-01  8.00000000e-01  5.00000000e-02  8.00000000e-01  7.66086713e-10 -1.67417724e-09  9.08092840e-10  0.00000000e+00 
 2.50000000e+01  1.00000000e-01  8.00000000e-01  1.00000000e-01  8.00000000e-01  7.66086713e-10 -1.53217172e-09  7.66086713e-10  0.00000000e+00 
 2.50000000e+01  1.00000000e-01  8.00000000e-01  1.50000000e-01  8.00000000e-01  7.66086713e-10 -1.40691014e-09  6.40823582e-10  0.00000000e+00 
 2.50000000e+01  1.00000000e-01  8.00000000e-01  2.00000000e-01  8.00000000e-01  7.66086714e-10 -1.29692879e-09  5.30846720e-10  0.00000000e+00 
 2.50000000e+01  1.00000000e-01  8.00000000e-01  2.50000000e-01  8.00000000e-01  7.66086717e-10 -1.20089183e-09  4.34806400e-10  0.00000000e+00 
 2.50000000e+01  1.00000000e-01  8.00000000e-01  3.00000000e-01  8.00000000e-01  7.66086738e-10 -1.11753806e-09  3.51452793e-10  0.00000000e+00 
 2.50000000e+01  1.00000000e-01  8.00000000e-01  3.50000000e-01  8.00000000e-01  7.66086891e-10 -1.04571285e-09  2.79629226e-10  0.00000000e+00 
 2.50000000e+01  1.00000000e-01  8.00000000e-01  4.00000000e-01  8.00000000e-01  7.66087989e-10 -9.84346826e-10  2.18265350e-10  0.00000000e+00 
 2.50000000e+01  1.00000000e-01  8.00000000e-01  4.50000000e-01  8.00000000e-01  7.66095789e-10 -9.32462996e-10  1.66367035e-10  0.00000000e+00 
 2.50000000e+01  1.00000000e-01  8.00000000e-01  5.00000000e-01  8.00000000e-01  7.66150622e-10 -8.89130547e-10  1.22981257e-10  0.00000000e+00 
 2.50000000e+01  1.00000000e-01  8.00000000e-01  5.50000000e-01  8.00000000e-01  7.66531492e-10 -8.53518145e-10  8.69868470e-11  0.00000000e+00 
 2.50000000e+01  1.00000000e-01  8.00000000e-01  6.00000000e-01  8.00000000e-01  7.69139198e-10 -8.24840640e-10  5.57065399e-11  0.00000000e+00 
 2.50000000e+01  1.00000000e-01  8.00000000e-01  6.50000000e-01  8.00000000e-01  7.86651816e-10 -8.02398148e-10  1.57469470e-11  0.00000000e+00 
 2.50000000e+01  1.00000000e-01  8.00000000e-01  7.00000000e-01  8.00000000e-01  9.00832109e-10 -7.85519205e-10 -1.15313136e-10  0.00000000e+00 
 2.50000000e+01  1.00000000e-01  8.00000000e-01  7.50000000e-01  8.00000000e-01  1.60862517e-09 -7.73596298e-10 -8.35024482e-10 -1.04083409e-17 
 2.50000000e+01  1.00000000e-01  8.00000000e-01  8.00000000e-01  8.00000000e-01  5.62664166e-09 -7.66085861e-10 -4.86055491e-09 -4.51028104e-17 
 2.50000000e+01  1.50000000e-01  8.00000000e-01  0.00000000e+00  8.00000000e-01  6.40823582e-10 -1.70923187e-09  1.06841324e-09  0.00000000e+00 
 2.50000000e+01  1.50000000e-01  8.00000000e-01  5.00000000e-02  8.00000000e-01  6.40823582e-10 -1.54891566e-09  9.08092840e-10  0.00000000e+00 
 2.50000000e+01  1.50000000e-01  8.00000000e-01  1.00000000e-01  8.00000000e-01  6.40823582e-10 -1.40691014e-09  7.66086713e-10  0.00000000e+00 
 2.50000000e+01  1.50000000e-01  8.00000000e-01  1.50000000e-01  8.00000000e-01  6.40823582e-10 -1.28164146e-09  6.40823582e-10  0.00000000e+00 
 2.50000000e+01  1.50000000e-01  8.00000000e-01  2.00000000e-01  8.00000000e-01  6.40823582e-10 -1.17167076e-09  5.30846720e-10  0.00000000e+00 
 2.50000000e+01  1.50000000e-01  8.00000000e-01  2.50000000e-01  8.00000000e-01  6.40823584e-10 -1.07563025e-09  4.34806401e-10  0.00000000e+00 
 2.50000000e+01  1.50000000e-01  8.00000000e-01  3.00000000e-01  8.00000000e-01  6.40823601e-10 -9.92272930e-10  3.51452798e-10  0.00000000e+00 
 2.50000000e+01  1.50000000e-01  8.00000000e-01  3.50000000e-01  8.00000000e-01  6.40823725e-10 -9.20451271e-10  2.79629261e-10  0.00000000e+00 
 2.50000000e+01  1.50000000e-01  8.00000000e-01  4.00000000e-01  8.00000000e-01  6.40824613e-10 -8.59088800e-10  2.18265594e-10  0.00000000e+00 
 2.50000000e+01  1.50000000e-01  8.00000000e-01  4.50000000e-01  8.00000000e-01  6.40830936e-10 -8.07194311e-10  1.66368756e-10  0.00000000e+00 
 2.50000000e+01  1.50000000e-01  8.00000000e-01  5.00000000e-01  8.00000000e-01  6.40875481e-10 -7.63865415e-10  1.22993266e-10  0.00000000e+00 
 2.50000000e+01  1.50000000e-01  8.00000000e-01  5.50000000e-01  8.00000000e-01  6.41185526e-10 -7.28249461e-10  8.70696815e-11  0.00000000e+00 
 2.50000000e+01  1.50000000e-01  8.00000000e-01  6.00000000e-01  8.00000000e-01  6.43313074e-10 -6.99582614e-10  5.62695325e-11  0.00000000e+00 
 2.50000000e+01  1.50000000e-01  8.00000000e-01  6.50000000e-01  8.00000000e-01  6.57640881e-10 -6.77133016e-10  1.94947503e-11  0.00000000e+00 
 2.50000000e+01  1.50000000e-01  8.00000000e-01  7.00000000e-01  8.00000000e-01  7.51433460e-10 -6.60254074e-10 -9.11776187e-11  0.00000000e+00 
 2.50000000e+01  1.50000000e-01  8.00000000e-01  7.50000000e-01  8.00000000e-01  1.33668207e-09 -6.48334719e-10 -6.88344509e-10 -1.04083409e-17 
 2.50000000e+01  1.50000000e-01  8.00000000e-01  8.00000000e-01  8.00000000e-01  4.69518738e-09 -6.40820730e-10 -4.05436377e-09 -3.46944695e-17 
 2.50000000e+01  2.00000000e-01  8.00000000e-01  0.00000000e+00  8.00000000e-01  5.30846720e-10 -1.59925762e-09  1.06841324e-09  0.00000000e+00 
 2.50000000e+01  2.00000000e-01  8.00000000e-01  5.00000000e-02  8.00000000e-01  5.30846720e-10 -1.43893786e-09  9.08092841e-10  0.00000000e+00 
 2.50000000e+01  2.00000000e-01  8.00000000e-01  1.00000000e-01  8.00000000e-01  5.30846720e-10 -1.29692879e-09  7.66086714e-10  0.00000000e+00 
 2.50000000e+01  2.00000000e-01  8.00000000e-01  1.50000000e-01  8.00000000e-01  5.30846720e-10 -1.17167076e-09  6.40823582e-10  0.00000000e+00 
 2.50000000e+01  2.00000000e-01  8.00000000e-01  2.00000000e-01  8.00000000e-01  5.30846720e-10 -1.06169296e-09  5.30846720e-10  0.00000000e+00 
 2.50000000e+01  2.00000000e-01  8.00000000e-01  2.50000000e-01  8.00000000e-01  5.30846722e-10 -9.65648894e-10  4.34806402e-10  0.00000000e+00 
 2.50000000e+01  2.00000000e-01  8.00000000e-01  3.00000000e-01  8.00000000e-01  5.30846736e-10 -8.82298679e-10  3.51452802e-10  0.00000000e+00 
 2.50000000e+01  2.00000000e-01  8.00000000e-01  3.50000000e-01  8.00000000e-01  5.30846835e-10 -8.10469913e-10  2.79629289e-10  0.00000000e+00 
 2.50000000e+01  2.00000000e-01  8.00000000e-01  4.00000000e-01  8.00000000e-01  5.30847551e-10 -7.49110995e-10  2.18265794e-10  0.00000000e+00 
 2.50000000e+01  2.00000000e-01  8.00000000e-01  4.50000000e-01  8.00000000e-01  5.30852670e-10 -6.97216507e-10  1.66370161e-10  0.00000000e+00 
 2.50000000e+01  2.00000000e-01  8.00000000e-01  5.00000000e-01  8.00000000e-01  5.30888814e-10 -6.53894716e-10  1.23003072e-10  0.00000000e+00 
 2.50000000e+01  2.00000000e-01  8.00000000e-01  5.50000000e-01  8.00000000e-01  5.31140954e-10 -6.18275209e-10  8.71373920e-11  0.00000000e+00 
 2.50000000e+01  2.00000000e-01  8.00000000e-01  6.00000000e-01  8.00000000e-01  5.32875177e-10 -5.89604809e-10  5.67305679e-11  0.00000000e+00 
 2.50000000e+01  2.00000000e-01  8.00000000e-01  6.50000000e-01  8.00000000e-01  5.44586659e-10 -5.67155212e-10  2.25721109e-11  0.00000000e+00 
 2.50000000e+01  2.00000000e-01  8.00000000e-01  7.00000000e-01  8.00000000e-01  6.21553340e-10 -5.50279822e-10 -7.12743600e-11  0.00000000e+00 
 2.50000000e+01  2.00000000e-01  8.00000000e-01  7.50000000e-01  8.00000000e-01  1.10486080e-09 -5.38360467e-10 -5.66500101e-10 -3.46944695e-18 
 2.50000000e+01  2.00000000e-01  8.00000000e-01  8.00000000e-01  8.00000000e-01  3.90756635e-09 -5.30842925e-10 -3.37671960e-09 -3.12250226e-17 
 2.50000000e+01  2.50000000e-01  8.00000000e-01  0.00000000e+00  8.00000000e-01  4.34806399e-10 -1.50322066e-09  1.06841325e-09  0.00000000e+00 
 2.50000000e+01  2.50000000e-01  8.00000000e-01  5.00000000e-02  8.00000000e-01  4.34806400e-10 -1.34289380e-09  9.08092844e-10  0.00000000e+00 
 2.50000000e+01  2.50000000e-01  8.00000000e-01  1.00000000e-01  8.00000000e-01  4.34806400e-10 -1.20089183e-09  7.66086717e-10  0.00000000e+00 
 2.50000000e+01  2.50000000e-01  8.00000000e-01  1.50000000e-01  8.00000000e-01  4.34806401e-10 -1.07563025e-09  6.40823584e-10  0.00000000e+00 
 2.50000000e+01  2.50000000e-01  8.00000000e-01  2.00000000e-01  8.00000000e-01  4.34806402e-10 -9.65648894e-10  5.30846722e-10  0.00000000e+00 
 2.50000000e+01  2.50000000e-01  8.00000000e-01  2.50000000e-01  8.00000000e-01  4.34806404e-10 -8.69615491e-10  4.34806404e-10  0.00000000e+00 
 2.50000000e+01  2.50000000e-01  8.00000000e-01  3.00000000e-01  8.00000000e-01  4.34806415e-10 -7.86258170e-10  3.51452806e-10  0.00000000e+00 
 2.50000000e+01  2.50000000e-01  8.00000000e-01  3.50000000e-01  8.00000000e-01  4.34806494e-10 -7.14429405e-10  2.79629313e-10  0.00000000e+00 
 2.50000000e+01  2.50000000e-01  8.00000000e-01  4.00000000e-01  8.00000000e-01  4.34807071e-10 -6.53070487e-10  2.18265959e-10  0.00000000e+00 
 2.50000000e+01  2.50000000e-01  8.00000000e-01  4.50000000e-01  8.00000000e-01  4.34811204e-10 -6.01183103e-10  1.66371310e-10  0.00000000e+00 
 2.50000000e+01  2.50000000e-01  8.00000000e-01  5.00000000e-01  8.00000000e-01  4.34840487e-10 -5.57850655e-10  1.23011083e-10  0.00000000e+00 
 2.50000000e+01  2.50000000e-01  8.00000000e-01  5.50000000e-01  8.00000000e-01  4.35045289e-10 -5.22238253e-10  8.71927406e-11  0.00000000e+00 
 2.50000000e+01  2.50000000e-01  8.00000000e-01  6.00000000e-01  8.00000000e-01  4.36457439e-10 -4.93567853e-10  5.71079893e-11  0.00000000e+00 
 2.50000000e+01  2.50000000e-01  8.00000000e-01  6.50000000e-01  8.00000000e-01  4.46020882e-10 -4.71118256e-10  2.50975714e-11  0.00000000e+00 
 2.50000000e+01  2.50000000e-01  8.00000000e-01  7.00000000e-01  8.00000000e-01  5.09112477e-10 -4.54239313e-10 -5.48738136e-11  0.00000000e+00 
 2.50000000e+01  2.50000000e-01  8.00000000e-01  7.50000000e-01  8.00000000e-01  9.07708292e-10 -4.42319958e-10 -4.65387913e-10 -3.46944695e-18 
 2.50000000e+01  2.50000000e-01  8.00000000e-01  8.00000000e-01  8.00000000e-01  3.24257855e-09 -4.34802416e-10 -2.80777213e-09 -1.38777878e-17 
 2.50000000e+01  3.00000000e-01  8.00000000e-01  0.00000000e+00  8.00000000e-01  3.51452780e-10 -1.41986689e-09  1.06841328e-09  0.00000000e+00 
 2.50000000e+01  3.00000000e-01  8.00000000e-01  5.00000000e-02  8.00000000e-01  3.51452787e-10 -1.25954713e-09  9.08092870e-10  0.00000000e+00 
 2.50000000e+01  3.00000000e-01  8.00000000e-01  1.00000000e-01  8.00000000e-01  3.51452793e-10 -1.11753806e-09  7.66086738e-10  0.00000000e+00 
 2.50000000e+01  3.00000000e-01  8.00000000e-01  1.50000000e-01  8.00000000e-01  3.51452798e-10 -9.92272930e-10  6.40823601e-10  0.00000000e+00 
 2.50000000e+01  3.00000000e-01  8.00000000e-01  2.00000000e-01  8.00000000e-01  3.51452802e-10 -8.82298679e-10  5.30846736e-10  0.00000000e+00 
 2.50000000e+01  3.00000000e-01  8.00000000e-01  2.50000000e-01  8.00000000e-01  3.51452806e-10 -7.86258170e-10  4.34806415e-10  0.00000000e+00 
 2.50000000e+01  3.00000000e-01  8.00000000e-01  3.00000000e-01  8.00000000e-01  3.51452817e-10 -7.02904401e-10  3.51452817e-10  0.00000000e+00 
 2.50000000e+01  3.00000000e-01  8.00000000e-01  3.50000000e-01  8.00000000e-01  3.51452882e-10 -6.31079189e-10  2.79629339e-10  0.00000000e+00 
 2.50000000e+01  3.00000000e-01  8.00000000e-01  4.00000000e-01  8.00000000e-01  3.51453344e-10 -5.69716718e-10  2.18266099e-10  0.00000000e+00 
 2.50000000e+01  3.00000000e-01  8.00000000e-01  4.50000000e-01  8.00000000e-01  3.51456671e-10 -5.17829335e-10  1.66372257e-10  0.00000000e+00 
 2.50000000e+01  3.00000000e-01  8.00000000e-01  5.00000000e-01  8.00000000e-01  3.51480341e-10 -4.74500439e-10  1.23017642e-10  0.00000000e+00 
 2.50000000e+01  3.00000000e-01  8.00000000e-01  5.50000000e-01  8.00000000e-01  3.51646431e-10 -4.38888037e-10  8.72380127e-11  0.00000000e+00 
 2.50000000e+01  3.00000000e-01  8.00000000e-01  6.00000000e-01  8.00000000e-01  3.52794891e-10 -4.10214085e-10  5.74169509e-11  0.00000000e+00 
 2.50000000e+01  3.00000000e-01  8.00000000e-01  6.50000000e-01  8.00000000e-01  3.60595612e-10 -3.87760934e-10  2.71692545e-11  0.00000000e+00 
 2.50000000e+01  3.00000000e-01  8.00000000e-01  7.00000000e-01  8.00000000e-01  4.12254632e-10 -3.70885544e-10 -4.13695558e-11  0.00000000e+00 
 2.50000000e+01  3.00000000e-01  8.00000000e-01  7.50000000e-01  8.00000000e-01  7.40541020e-10 -3.58962637e-10 -3.81574228e-10 -1.04083409e-17 
 2.50000000e+01  3.00000000e-01  8.00000000e-01  8.00000000e-01  8.00000000e-01  2.68224609e-09 -3.51455753e-10 -2.33079326e-09 -1.04083409e-17 
 2.50000000e+01  3.50000000e-01  8.00000000e-01  0.00000000e+00  8.00000000e-01  2.79629132e-10 -1.34804168e-09  1.06841351e-09  0.00000000e+00 
 2.50000000e+01  3.50000000e-01  8.00000000e-01  5.00000000e-02  8.00000000e-01  2.79629184e-10 -1.18771482e-09  9.08093060e-10  0.00000000e+00 
 2.50000000e+01  3.50000000e-01  8.00000000e-01  1.00000000e-01  8.00000000e-01  2.79629226e-10 -1.04571285e-09  7.66086891e-10  0.00000000e+00 
 2.50000000e+01  3.50000000e-01  8.00000000e-01  1.50000000e-01  8.00000000e-01  2.79629261e-10 -9.20451271e-10  6.40823725e-10  0.00000000e+00 
 2.50000000e+01  3.50000000e-01  8.00000000e-01  2.00000000e-01  8.00000000e-01  2.79629289e-10 -8.10469913e-10  5.30846835e-10  0.00000000e+00 
 2.50000000e+01  3.50000000e-01  8.00000000e-01  2.50000000e-01  8.00000000e-01  2.79629313e-10 -7.14429405e-10  4.34806494e-10  0.00000000e+00 
 2.50000000e+01  3.50000000e-01  8.00000000e-01  3.00000000e-01  8.00000000e-01  2.79629339e-10 -6.31079189e-10  3.51452882e-10  0.00000000e+00 
 2.50000000e+01  3.50000000e-01  8.00000000e-01  3.50000000e-01  8.00000000e-01  2.79629404e-10 -5.59250424e-10  2.79629404e-10  0.00000000e+00 
 2.50000000e+01  3.50000000e-01  8.00000000e-01  4.00000000e-01  8.00000000e-01  2.79629779e-10 -4.97887953e-10  2.18266250e-10  0.00000000e+00 
 2.50000000e+01  3.50000000e-01  8.00000000e-01  4.50000000e-01  8.00000000e-01  2.79632451e-10 -4.46004123e-10  1.66373064e-10  0.00000000e+00 
 2.50000000e+01  3.50000000e-01  8.00000000e-01  5.00000000e-01  8.00000000e-01  2.79651516e-10 -4.02671674e-10  1.23023053e-10  0.00000000e+00 
 2.50000000e+01  3.50000000e-01  8.00000000e-01  5.50000000e-01  8.00000000e-01  2.79785905e-10 -3.67055719e-10  8.72751249e-11  0.00000000e+00 
 2.50000000e+01  3.50000000e-01  8.00000000e-01  6.00000000e-01  8.00000000e-01  2.80718407e-10 -3.38385320e-10  5.76700208e-11  0.00000000e+00 
 2.50000000e+01  3.50000000e-01  8.00000000e-01  6.50000000e-01  8.00000000e-01  2.87072955e-10 -3.15935722e-10  2.88684987e-11  0.00000000e+00 
 2.50000000e+01  3.50000000e-01  8.00000000e-01  7.00000000e-01  8.00000000e-01  3.29318308e-10 -2.99056779e-10 -3.02566453e-11  0.00000000e+00 
 2.50000000e+01  3.50000000e-01  8.00000000e-01  7.50000000e-01  8.00000000e-01  5.99317543e-10 -2.87137425e-10 -3.12174165e-10 -3.46944695e-18 
 2.50000000e+01  3.50000000e-01  8.00000000e-01  8.00000000e-01  8.00000000e-01  2.21118368e-09 -2.79626988e-10 -1.93155426e-09 -1.38777878e-17 
 2.50000000e+01  4.00000000e-01  8.00000000e-01  0.00000000e+00  8.00000000e-01  2.18264682e-10 -1.28667921e-09  1.06841519e-09  0.00000000e+00 
 2.50000000e+01  4.00000000e-01  8.00000000e-01  5.00000000e-02  8.00000000e-01  2.18265050e-10 -1.12635945e-09  9.08094415e-10  0.00000000e+00 
 2.50000000e+01  4.00000000e-01  8.00000000e-01  1.00000000e-01  8.00000000e-01  2.18265350e-10 -9.84346826e-10  7.66087989e-10  0.00000000e+00 
 2.50000000e+01  4.00000000e-01  8.00000000e-01  1.50000000e-01  8.00000000e-01  2.18265594e-10 -8.59088800e-10  6.40824613e-10  0.00000000e+00 
 2.50000000e+01  4.00000000e-01  8.00000000e-01  2.00000000e-01  8.00000000e-01  2.18265794e-10 -7.49110995e-10  5.30847551e-10  0.00000000e+00 
 2.50000000e+01  4.00000000e-01  8.00000000e-01  2.50000000e-01  8.00000000e-01  2.18265959e-10 -6.53070487e-10  4.34807071e-10  0.00000000e+00 
 2.50000000e+01  4.00000000e-01  8.00000000e-01  3.00000000e-01  8.00000000e-01  2.18266099e-10 -5.69716718e-10  3.51453344e-10  0.00000000e+00 
 2.50000000e+01  4.00000000e-01  8.00000000e-01  3.50000000e-01  8.00000000e-01  2.18266250e-10 -4.97887953e-10  2.79629779e-10  0.00000000e+00 
 2.50000000e+01  4.00000000e-01  8.00000000e-01  4.00000000e-01  8.00000000e-01  2.18266625e-10 -4.36532588e-10  2.18266625e-10  0.00000000e+00 
 2.50000000e+01  4.00000000e-01  8.00000000e-01  4.50000000e-01  8.00000000e-01  2.18268799e-10 -3.84641652e-10  1.66373937e-10  0.00000000e+00 
 2.50000000e+01  4.00000000e-01  8.00000000e-01  5.00000000e-01  8.00000000e-01  2.18284126e-10 -3.41309203e-10  1.23027666e-10  0.00000000e+00 
 2.50000000e+01  4.00000000e-01  8.00000000e-01  5.50000000e-01  8.00000000e-01  2.18392477e-10 -3.05696801e-10  8.73057742e-11  0.00000000e+00 
 2.50000000e+01  4.00000000e-01  8.00000000e-01  6.00000000e-01  8.00000000e-01  2.19147885e-10 -2.77022849e-10  5.78777647e-11  0.00000000e+00 
 2.50000000e+01  4.00000000e-01  8.00000000e-01  6.50000000e-01  8.00000000e-01  2.24315685e-10 -2.54580357e-10  3.02629901e-11  0.00000000e+00 
 2.50000000e+01  4.00000000e-01  8.00000000e-01  7.00000000e-01  8.00000000e-01  2.58813006e-10 -2.37697861e-10 -2.11141214e-11  0.00000000e+00 
 2.50000000e+01  4.00000000e-01  8.00000000e-01  7.50000000e-01  8.00000000e-01  4.80541233e-10 -2.25774954e-10 -2.54760634e-10 -3.46944695e-18 
 2.50000000e+01  4.00000000e-01  8.00000000e-01  8.00000000e-01  8.00000000e-01  1.81616600e-09 -2.18264518e-10 -1.59789937e-09 -1.04083409e-17 
 2.50000000e+01  4.50000000e-01  8.00000000e-01  0.00000000e+00  8.00000000e-01  1.66362337e-10 -1.23478827e-09  1.06842702e-09  0.00000000e+00 
 2.50000000e+01  4.50000000e-01  8.00000000e-01  5.00000000e-02  8.00000000e-01  1.66364924e-10 -1.07446851e-09  9.08104027e-10  0.00000000e+00 
 2.50000000e+01  4.50000000e-01  8.00000000e-01  1.00000000e-01  8.00000000e-01  1.66367035e-10 -9.32462996e-10  7.66095789e-10  0.00000000e+00 
 2.50000000e+01  4.50000000e-01  8.00000000e-01  1.50000000e-01  8.00000000e-01  1.66368756e-10 -8.07194311e-10  6.40830936e-10  0.00000000e+00 
 2.50000000e+01  4.50000000e-01  8.00000000e-01  2.00000000e-01  8.00000000e-01  1.66370161e-10 -6.97216507e-10  5.30852670e-10  0.00000000e+00 
 2.50000000e+01  4.50000000e-01  8.00000000e-01  2.50000000e-01  8.00000000e-01  1.66371310e-10 -6.01183103e-10  4.34811204e-10  0.00000000e+00 
 2.50000000e+01  4.50000000e-01  8.00000000e-01  3.00000000e-01  8.00000000e-01  1.66372257e-10 -5.17829335e-10  3.51456671e-10  0.00000000e+00 
 2.50000000e+01  4.50000000e-01  8.00000000e-01  3.50000000e-01  8.00000000e-01  1.66373064e-10 -4.46004123e-10  2.79632451e-10  0.00000000e+00 
 2.50000000e+01  4.50000000e-01  8.00000000e-01  4.00000000e-01  8.00000000e-01  1.66373937e-10 -3.84641652e-10  2.18268799e-10  0.00000000e+00 
 2.50000000e+01  4.50000000e-01  8.00000000e-01  4.50000000e-01  8.00000000e-01  1.66376111e-10 -3.32750716e-10  1.66376111e-10  0.00000000e+00 
 2.50000000e+01  4.50000000e-01  8.00000000e-01  5.00000000e-01  8.00000000e-01  1.66388611e-10 -2.89421820e-10  1.23032666e-10  0.00000000e+00 
 2.50000000e+01  4.50000000e-01  8.00000000e-01  5.50000000e-01  8.00000000e-01  1.66475807e-10 -2.53802312e-10  8.73319302e-11  0.00000000e+00 
 2.50000000e+01  4.50000000e-01  8.00000000e-01  6.00000000e-01  8.00000000e-01  1.67085564e-10 -2.25131913e-10  5.80495707e-11  0.00000000e+00 
 2.50000000e+01  4.50000000e-01  8.00000000e-01  6.50000000e-01  8.00000000e-01  1.71278322e-10 -2.02682315e-10  3.14098382e-11  0.00000000e+00 
 2.50000000e+01  4.50000000e-01  8.00000000e-01  7.00000000e-01  8.00000000e-01  1.99398087e-10 -1.85806925e-10 -1.35897169e-11  0.00000000e+00 
 2.50000000e+01  4.50000000e-01  8.00000000e-01  7.50000000e-01  8.00000000e-01  3.81180023e-10 -1.73884018e-10 -2.07289939e-10 -3.46944695e-18 
 2.50000000e+01  4.50000000e-01  8.00000000e-01  8.00000000e-01  8.00000000e-01  1.48580711e-09 -1.66373582e-10 -1.31943100e-09 -1.04083409e-17 
 2.50000000e+01  5.00000000e-01  8.00000000e-01  0.00000000e+00  8.00000000e-01  1.22948535e-10 -1.19145938e-09  1.06850987e-09  0.00000000e+00 
 2.50000000e+01  5.00000000e-01  8.00000000e-01  5.00000000e-02  8.00000000e-01  1.22966547e-10 -1.03113607e-09  9.08171459e-10  0.00000000e+00 
 2.50000000e+01  5.00000000e-01  8.00000000e-01  1.00000000e-01  8.00000000e-01  1.22981257e-10 -8.89130547e-10  7.66150622e-10  0.00000000e+00 
 2.50000000e+01  5.00000000e-01  8.00000000e-01  1.50000000e-01  8.00000000e-01  1.22993266e-10 -7.63865415e-10  6.40875481e-10  0.00000000e+00 
 2.50000000e+01  5.00000000e-01  8.00000000e-01  2.00000000e-01  8.00000000e-01  1.23003072e-10 -6.53894716e-10  5.30888814e-10  0.00000000e+00 
 2.50000000e+01  5.00000000e-01  8.00000000e-01  2.50000000e-01  8.00000000e-01  1.23011083e-10 -5.57850655e-10  4.34840487e-10  0.00000000e+00 
 2.50000000e+01  5.00000000e-01  8.00000000e-01  3.00000000e-01  8.00000000e-01  1.23017642e-10 -4.74500439e-10  3.51480341e-10  0.00000000e+00 
 2.50000000e+01  5.00000000e-01  8.00000000e-01  3.50000000e-01  8.00000000e-01  1.23023053e-10 -4.02671674e-10  2.79651516e-10  0.00000000e+00 
 2.50000000e+01  5.00000000e-01  8.00000000e-01  4.00000000e-01  8.00000000e-01  1.23027666e-10 -3.41309203e-10  2.18284126e-10  0.00000000e+00 
 2.50000000e+01  5.00000000e-01  8.00000000e-01  4.50000000e-01  8.00000000e-01  1.23032666e-10 -2.89421820e-10  1.66388611e-10  0.00000000e+00 
 2.50000000e+01  5.00000000e-01  8.00000000e-01  5.00000000e-01  8.00000000e-01  1.23045166e-10 -2.46089371e-10  1.23045166e-10  0.00000000e+00 
 2.50000000e+01  5.00000000e-01  8.00000000e-01  5.50000000e-01  8.00000000e-01  1.23116473e-10 -2.10473416e-10  8.73603190e-11  0.00000000e+00 
 2.50000000e+01  5.00000000e-01  8.00000000e-01  6.00000000e-01  8.00000000e-01  1.23607788e-10 -1.81803017e-10  5.81964025e-11  0.00000000e+00 
 2.50000000e+01  5.00000000e-01  8.00000000e-01  6.50000000e-01  8.00000000e-01  1.26997180e-10 -1.59356972e-10  3.23600355e-11  0.00000000e+00 
 2.50000000e+01  5.00000000e-01  8.00000000e-01  7.00000000e-01  8.00000000e-01  1.49861857e-10 -1.42478029e-10 -7.38443238e-12  0.00000000e+00 
 2.50000000e+01  5.00000000e-01  8.00000000e-01  7.50000000e-01  8.00000000e-01  2.98594152e-10 -1.30558675e-10 -1.68035014e-10 -3.46944695e-18 
 2.50000000e+01  5.00000000e-01  8.00000000e-01  8.00000000e-01  8.00000000e-01  1.21029536e-09 -1.23041133e-10 -1.08725019e-09 -1.04083409e-17 
 2.50000000e+01  5.50000000e-01  8.00000000e-01  0.00000000e+00  8.00000000e-01  8.67616825e-11 -1.15583632e-09  1.06908319e-09  0.00000000e+00 
 2.50000000e+01  5.50000000e-01  8.00000000e-01  5.00000000e-02  8.00000000e-01  8.68855379e-11 -9.95520111e-10  9.08638928e-10  0.00000000e+00 
 2.50000000e+01  5.50000000e-01  8.00000000e-01  1.00000000e-01  8.00000000e-01  8.69868470e-11 -8.53518145e-10  7.66531492e-10  0.00000000e+00 
 2.50000000e+01  5.50000000e-01  8.00000000e-01  1.50000000e-01  8.00000000e-01  8.70696815e-11 -7.28249461e-10  6.41185526e-10  0.00000000e+00 
 2.50000000e+01  5.50000000e-01  8.00000000e-01  2.00000000e-01  8.00000000e-01  8.71373920e-11 -6.18275209e-10  5.31140954e-10  0.00000000e+00 
 2.50000000e+01  5.50000000e-01  8.00000000e-01  2.50000000e-01  8.00000000e-01  8.71927406e-11 -5.22238253e-10  4.35045289e-10  0.00000000e+00 
 2.50000000e+01  5.50000000e-01  8.00000000e-01  3.00000000e-01  8.00000000e-01  8.72380127e-11 -4.38888037e-10  3.51646431e-10  0.00000000e+00 
 2.50000000e+01  5.50000000e-01  8.00000000e-01  3.50000000e-01  8.00000000e-01  8.72751249e-11 -3.67055719e-10  2.79785905e-10  0.00000000e+00 
 2.50000000e+01  5.50000000e-01  8.00000000e-01  4.00000000e-01  8.00000000e-01  8.73057742e-11 -3.05696801e-10  2.18392477e-10  0.00000000e+00 
 2.50000000e+01  5.50000000e-01  8.00000000e-01  4.50000000e-01  8.00000000e-01  8.73319302e-11 -2.53802312e-10  1.66475807e-10  0.00000000e+00 
 2.50000000e+01  5.50000000e-01  8.00000000e-01  5.00000000e-01  8.00000000e-01  8.73603190e-11 -2.10473416e-10  1.23116473e-10  0.00000000e+00 
 2.50000000e+01  5.50000000e-01  8.00000000e-01  5.50000000e-01  8.00000000e-01  8.74316260e-11 -1.74857462e-10  8.74316260e-11  0.00000000e+00 
 2.50000000e+01  5.50000000e-01  8.00000000e-01  6.00000000e-01  8.00000000e-01  8.78346414e-11 -1.46187062e-10  5.83560091e-11  0.00000000e+00 
 2.50000000e+01  5.50000000e-01  8.00000000e-01  6.50000000e-01  8.00000000e-01  9.05700097e-11 -1.23744570e-10  3.31736658e-11  0.00000000e+00 
 2.50000000e+01  5.50000000e-01  8.00000000e-01  7.00000000e-01  8.00000000e-01  1.09093079e-10 -1.06865627e-10 -2.22919391e-12  0.00000000e+00 
 2.50000000e+01  5.50000000e-01  8.00000000e-01  7.50000000e-01  8.00000000e-01  2.30460144e-10 -9.49391676e-11 -1.35514545e-10 -3.46944695e-18 
 2.50000000e+01  5.50000000e-01  8.00000000e-01  8.00000000e-01  8.00000000e-01  9.81143964e-10 -8.74287309e-11 -8.93712336e-10 -1.04083409e-17 
 2.50000000e+01  6.00000000e-01  8.00000000e-01  0.00000000e+00  8.00000000e-01  5.41809536e-11 -1.12716947e-09  1.07299131e-09  0.00000000e+00 
 2.50000000e+01  6.00000000e-01  8.00000000e-01  5.00000000e-02  8.00000000e-01  5.50193519e-11 -9.66849711e-10  9.11832513e-10  0.00000000e+00 
 2.50000000e+01  6.00000000e-01  8.00000000e-01  1.00000000e-01  8.00000000e-01  5.57065399e-11 -8.24840640e-10  7.69139198e-10  0.00000000e+00 
 2.50000000e+01  6.00000000e-01  8.00000000e-01  1.50000000e-01  8.00000000e-01  5.62695325e-11 -6.99582614e-10  6.43313074e-10  0.00000000e+00 
 2.50000000e+01  6.00000000e-01  8.00000000e-01  2.00000000e-01  8.00000000e-01  5.67305679e-11 -5.89604809e-10  5.32875177e-10  0.00000000e+00 
 2.50000000e+01  6.00000000e-01  8.00000000e-01  2.50000000e-01  8.00000000e-01  5.71079893e-11 -4.93567853e-10  4.36457439e-10  0.00000000e+00 
 2.50000000e+01  6.00000000e-01  8.00000000e-01  3.00000000e-01  8.00000000e-01  5.74169509e-11 -4.10214085e-10  3.52794891e-10  0.00000000e+00 
 2.50000000e+01  6.00000000e-01  8.00000000e-01  3.50000000e-01  8.00000000e-01  5.76700208e-11 -3.38385320e-10  2.80718407e-10  0.00000000e+00 
 2.50000000e+01  6.00000000e-01  8.00000000e-01  4.00000000e-01  8.00000000e-01  5.78777647e-11 -2.77022849e-10  2.19147885e-10  0.00000000e+00 
 2.50000000e+01  6.00000000e-01  8.00000000e-01  4.50000000e-01  8.00000000e-01  5.80495707e-11 -2.25131913e-10  1.67085564e-10  0.00000000e+00 
 2.50000000e+01  6.00000000e-01  8.00000000e-01  5.00000000e-01  8.00000000e-01  5.81964025e-11 -1.81803017e-10  1.23607788e-10  0.00000000e+00 
 2.50000000e+01  6.00000000e-01  8.00000000e-01  5.50000000e-01  8.00000000e-01  5.83560091e-11 -1.46187062e-10  8.78346414e-11  0.00000000e+00 
 2.50000000e+01  6.00000000e-01  8.00000000e-01  6.00000000e-01  8.00000000e-01  5.87590242e-11 -1.17513110e-10  5.87590242e-11  0.00000000e+00 
 2.50000000e+01  6.00000000e-01  8.00000000e-01  6.50000000e-01  8.00000000e-01  6.10110589e-11 -9.50706180e-11  3.40600146e-11  0.00000000e+00 
 2.50000000e+01  6.00000000e-01  8.00000000e-01  7.00000000e-01  8.00000000e-01  7.59936616e-11 -7.81916754e-11  2.19762140e-12  0.00000000e+00 
 2.50000000e+01  6.00000000e-01  8.00000000e-01  7.50000000e-01  8.00000000e-01  1.74649957e-10 -6.62652155e-11 -1.08376960e-10 -3.46944695e-18 
 2.50000000e+01  6.00000000e-01  8.00000000e-01  8.00000000e-01  8.00000000e-01  7.90900801e-10 -5.87618842e-11 -7.32141775e-10 -1.04083409e-17 
 2.50000000e+01  6.50000000e-01  8.00000000e-01  0.00000000e+00  8.00000000e-01  5.63513395e-12 -1.10472342e-09  1.09909016e-09  0.00000000e+00 
 2.50000000e+01  6.50000000e-01  8.00000000e-01  5.00000000e-02  8.00000000e-01  1.11852129e-11 -9.44400114e-10  9.33219677e-10  0.00000000e+00 
 2.50000000e+01  6.50000000e-01  8.00000000e-01  1.00000000e-01  8.00000000e-01  1.57469470e-11 -8.02398148e-10  7.86651816e-10  0.00000000e+00 
 2.50000000e+01  6.50000000e-01  8.00000000e-01  1.50000000e-01  8.00000000e-01  1.94947503e-11 -6.77133016e-10  6.57640881e-10  0.00000000e+00 
 2.50000000e+01  6.50000000e-01  8.00000000e-01  2.00000000e-01  8.00000000e-01  2.25721109e-11 -5.67155212e-10  5.44586659e-10  0.00000000e+00 
 2.50000000e+01  6.50000000e-01  8.00000000e-01  2.50000000e-01  8.00000000e-01  2.50975714e-11 -4.71118256e-10  4.46020882e-10  0.00000000e+00 
 2.50000000e+01  6.50000000e-01  8.00000000e-01  3.00000000e-01  8.00000000e-01  2.71692545e-11 -3.87760934e-10  3.60595612e-10  0.00000000e+00 
 2.50000000e+01  6.50000000e-01  8.00000000e-01  3.50000000e-01  8.00000000e-01  2.88684987e-11 -3.15935722e-10  2.87072955e-10  0.00000000e+00 
 2.50000000e+01  6.50000000e-01  8.00000000e-01  4.00000000e-01  8.00000000e-01  3.02629901e-11 -2.54580357e-10  2.24315685e-10  0.00000000e+00 
 2.50000000e+01  6.50000000e-01  8.00000000e-01  4.50000000e-01  8.00000000e-01  3.14098382e-11 -2.02682315e-10  1.71278322e-10  0.00000000e+00 
 2.50000000e+01  6.50000000e-01  8.00000000e-01  5.00000000e-01  8.00000000e-01  3.23600355e-11 -1.59356972e-10  1.26997180e-10  0.00000000e+00 
 2.50000000e+01  6.50000000e-01  8.00000000e-01  5.50000000e-01  8.00000000e-01  3.31736658e-11 -1.23744570e-10  9.05700097e-11  0.00000000e+00 
 2.50000000e+01  6.50000000e-01  8.00000000e-01  6.00000000e-01  8.00000000e-01  3.40600146e-11 -9.50706180e-11  6.10110589e-11  0.00000000e+00 
 2.50000000e+01  6.50000000e-01  8.00000000e-01  6.50000000e-01  8.00000000e-01  3.63120481e-11 -7.26245730e-11  3.63120481e-11  0.00000000e+00 
 2.50000000e+01  6.50000000e-01  8.00000000e-01  7.00000000e-01  8.00000000e-01  4.87072011e-11 -5.57456303e-11  7.03710462e-12  0.00000000e+00 
 2.50000000e+01  6.50000000e-01  8.00000000e-01  7.50000000e-01  8.00000000e-01  1.28791424e-10 -4.38227232e-11 -8.49654047e-11 -3.46944695e-18 
 2.50000000e+01  6.50000000e-01  8.00000000e-01  8.00000000e-01  8.00000000e-01  6.32607550e-10 -3.63122865e-11 -5.96295503e-10 -1.04083409e-17 
 2.50000000e+01  7.00000000e-01  8.00000000e-01  0.00000000e+00  8.00000000e-01 -1.79997670e-10 -1.08784803e-09  1.26784317e-09 -3.46944695e-18 
 2.50000000e+01  7.00000000e-01  8.00000000e-01  5.00000000e-02  8.00000000e-01 -1.44562182e-10 -9.27528276e-10  1.07208728e-09 -3.46944695e-18 
 2.50000000e+01  7.00000000e-01  8.00000000e-01  1.00000000e-01  8.00000000e-01 -1.15313136e-10 -7.85519205e-10  9.00832109e-10  0.00000000e+00 
 2.50000000e+01  7.00000000e-01  8.00000000e-01  1.50000000e-01  8.00000000e-01 -9.11776187e-11 -6.60254074e-10  7.51433460e-10  0.00000000e+00 
 2.50000000e+01  7.00000000e-01  8.00000000e-01  2.00000000e-01  8.00000000e-01 -7.12743600e-11 -5.50279822e-10  6.21553340e-10  0.00000000e+00 
 2.50000000e+01  7.00000000e-01  8.00000000e-01  2.50000000e-01  8.00000000e-01 -5.48738136e-11 -4.54239313e-10  5.09112477e-10  0.00000000e+00 
 2.50000000e+01  7.00000000e-01  8.00000000e-01  3.00000000e-01  8.00000000e-01 -4.13695558e-11 -3.70885544e-10  4.12254632e-10  0.00000000e+00 
 2.50000000e+01  7.00000000e-01  8.00000000e-01  3.50000000e-01  8.00000000e-01 -3.02566453e-11 -2.99056779e-10  3.29318308e-10  0.00000000e+00 
 2.50000000e+01  7.00000000e-01  8.00000000e-01  4.00000000e-01  8.00000000e-01 -2.11141214e-11 -2.37697861e-10  2.58813006e-10  0.00000000e+00 
 2.50000000e+01  7.00000000e-01  8.00000000e-01  4.50000000e-01  8.00000000e-01 -1.35897169e-11 -1.85806925e-10  1.99398087e-10  0.00000000e+00 
 2.50000000e+01  7.00000000e-01  8.00000000e-01  5.00000000e-01  8.00000000e-01 -7.38443238e-12 -1.42478029e-10  1.49861857e-10  0.00000000e+00 
 2.50000000e+01  7.00000000e-01  8.00000000e-01  5.50000000e-01  8.00000000e-01 -2.22919391e-12 -1.06865627e-10  1.09093079e-10  0.00000000e+00 
 2.50000000e+01  7.00000000e-01  8.00000000e-01  6.00000000e-01  8.00000000e-01  2.19762140e-12 -7.81916754e-11  7.59936616e-11  0.00000000e+00 
 2.50000000e+01  7.00000000e-01  8.00000000e-01  6.50000000e-01  8.00000000e-01  7.03710462e-12 -5.57456303e-11  4.87072011e-11  0.00000000e+00 
 2.50000000e+01  7.00000000e-01  8.00000000e-01  7.00000000e-01  8.00000000e-01  1.94322523e-11 -3.88666876e-11  1.94322523e-11  0.00000000e+00 
 2.50000000e+01  7.00000000e-01  8.00000000e-01  7.50000000e-01  8.00000000e-01  8.61572202e-11 -2.69402278e-11 -5.92110021e-11 -3.46944695e-18 
 2.50000000e+01  7.00000000e-01  8.00000000e-01  8.00000000e-01  8.00000000e-01  4.97591487e-10 -1.94333438e-11 -4.78159242e-10 -1.04083409e-17 
 2.50000000e+01  7.50000000e-01  8.00000000e-01  0.00000000e+00  8.00000000e-01 -1.22375491e-09 -1.07592157e-09  2.29968214e-09 -1.38777878e-17 
 2.50000000e+01  7.50000000e-01  8.00000000e-01  5.00000000e-02  8.00000000e-01 -1.01148363e-09 -9.15601817e-10  1.92709046e-09 -3.46944695e-18 
 2.50000000e+01  7.50000000e-01  8.00000000e-01  1.00000000e-01  8.00000000e-01 -8.35024482e-10 -7.73596298e-10  1.60862517e-09 -1.04083409e-17 
 2.50000000e+01  7.50000000e-01  8.00000000e-01  1.50000000e-01  8.00000000e-01 -6.88344509e-10 -6.48334719e-10  1.33668207e-09 -1.04083409e-17 
 2.50000000e+01  7.50000000e-01  8.00000000e-01  2.00000000e-01  8.00000000e-01 -5.66500101e-10 -5.38360467e-10  1.10486080e-09 -3.46944695e-18 
 2.50000000e+01  7.50000000e-01  8.00000000e-01  2.50000000e-01  8.00000000e-01 -4.65387913e-10 -4.42319958e-10  9.07708292e-10 -3.46944695e-18 
 2.50000000e+01  7.50000000e-01  8.00000000e-01  3.00000000e-01  8.00000000e-01 -3.81574228e-10 -3.58962637e-10  7.40541020e-10 -1.04083409e-17 
 2.50000000e+01  7.50000000e-01  8.00000000e-01  3.50000000e-01  8.00000000e-01 -3.12174165e-10 -2.87137425e-10  5.99317543e-10 -3.46944695e-18 
 2.50000000e+01  7.50000000e-01  8.00000000e-01  4.00000000e-01  8.00000000e-01 -2.54760634e-10 -2.25774954e-10  4.80541233e-10 -3.46944695e-18 
 2.50000000e+01  7.50000000e-01  8.00000000e-01  4.50000000e-01  8.00000000e-01 -2.07289939e-10 -1.73884018e-10  3.81180023e-10 -3.46944695e-18 
 2.50000000e+01  7.50000000e-01  8.00000000e-01  5.00000000e-01  8.00000000e-01 -1.68035014e-10 -1.30558675e-10  2.98594152e-10 -3.46944695e-18 
 2.50000000e+01  7.50000000e-01  8.00000000e-01  5.50000000e-01  8.00000000e-01 -1.35514545e-10 -9.49391676e-11  2.30460144e-10 -3.46944695e-18 
 2.50000000e+01  7.50000000e-01  8.00000000e-01  6.00000000e-01  8.00000000e-01 -1.08376960e-10 -6.62652155e-11  1.74649957e-10 -3.46944695e-18 
 2.50000000e+01  7.50000000e-01  8.00000000e-01  6.50000000e-01  8.00000000e-01 -8.49654047e-11 -4.38227232e-11  1.28791424e-10 -3.46944695e-18 
 2.50000000e+01  7.50000000e-01  8.00000000e-01  7.00000000e-01  8.00000000e-01 -5.92110021e-11 -2.69402278e-11  8.61572202e-11 -3.46944695e-18 
 2.50000000e+01  7.50000000e-01  8.00000000e-01  7.50000000e-01  8.00000000e-01  7.51394897e-12 -1.50244261e-11  7.51394897e-12 -3.46944695e-18 
 2.50000000e+01  7.50000000e-01  8.00000000e-01  8.00000000e-01  8.00000000e-01  3.54196191e-10 -7.51398943e-12 -3.46682266e-10 -1.04083409e-17 
 2.50000000e+01  8.00000000e-01  8.00000000e-01  0.00000000e+00  8.00000000e-01 -6.95966489e-09 -1.06841114e-09  8.02807820e-09 -6.59194921e-17 
 2.50000000e+01  8.00000000e-01  8.00000000e-01  5.00000000e-02  8.00000000e-01 -5.81920106e-09 -9.08094933e-10  6.72729395e-09 -5.55111512e-17 
 2.50000000e+01  8.00000000e-01  8.00000000e-01  1.00000000e-01  8.00000000e-01 -4.86055491e-09 -7.66085861e-10  5.62664166e-09 -4.51028104e-17 
 2.50000000e+01  8.00000000e-01  8.00000000e-01  1.50000000e-01  8.00000000e-01 -4.05436377e-09 -6.40820730e-10  4.69518738e-09 -3.46944695e-17 
 2.50000000e+01  8.00000000e-01  8.00000000e-01  2.00000000e-01  8.00000000e-01 -3.37671960e-09 -5.30842925e-10  3.90756635e-09 -3.12250226e-17 
 2.50000000e+01  8.00000000e-01  8.00000000e-01  2.50000000e-01  8.00000000e-01 -2.80777213e-09 -4.34802416e-10  3.24257855e-09 -1.38777878e-17 
 2.50000000e+01  8.00000000e-01  8.00000000e-01  3.00000000e-01  8.00000000e-01 -2.33079326e-09 -3.51455753e-10  2.68224609e-09 -1.04083409e-17 
 2.50000000e+01  8.00000000e-01  8.00000000e-01  3.50000000e-01  8.00000000e-01 -1.93155426e-09 -2.79626988e-10  2.21118368e-09 -1.38777878e-17 
 2.50000000e+01  8.00000000e-01  8.00000000e-01  4.00000000e-01  8.00000000e-01 -1.59789937e-09 -2.18264518e-10  1.81616600e-09 -1.04083409e-17 
 2.50000000e+01  8.00000000e-01  8.00000000e-01  4.50000000e-01  8.00000000e-01 -1.31943100e-09 -1.66373582e-10  1.48580711e-09 -1.04083409e-17 
 2.50000000e+01  8.00000000e-01  8.00000000e-01  5.00000000e-01  8.00000000e-01 -1.08725019e-09 -1.23041133e-10  1.21029536e-09 -1.04083409e-17 
 2.50000000e+01  8.00000000e-01  8.00000000e-01  5.50000000e-01  8.00000000e-01 -8.93712336e-10 -8.74287309e-11  9.81143964e-10 -1.04083409e-17 
 2.50000000e+01  8.00000000e-01  8.00000000e-01  6.00000000e-01  8.00000000e-01 -7.32141775e-10 -5.87618842e-11  7.90900801e-10 -1.04083409e-17 
 2.50000000e+01  8.00000000e-01  8.00000000e-01  6.50000000e-01  8.00000000e-01 -5.96295503e-10 -3.63122865e-11  6.32607550e-10 -1.04083409e-17 
 2.50000000e+01  8.00000000e-01  8.00000000e-01  7.00000000e-01  8.00000000e-01 -4.78159242e-10 -1.94333438e-11  4.97591487e-10 -1.04083409e-17 
 2.50000000e+01  8.00000000e-01  8.00000000e-01  7.50000000e-01  8.00000000e-01 -3.46682266e-10 -7.51398943e-12  3.54196191e-10 -1.04083409e-17 
 2.50000000e+01  8.00000000e-01  8.00000000e-01  8.00000000e-01  8.00000000e-01  6.10846809e-20  7.10542736e-15  6.10846744e-20 -1.04083409e-17 
