 2.50000000e+01  0.00000000e+00  8.00000000e-01  0.00000000e+00  8.00000000e-01  4.98592844e-09 -9.97185623e-09  4.98592844e-09  1.04083409e-17 
 2.50000000e+01  0.00000000e+00  8.00000000e-01  5.00000000e-02  8.00000000e-01  4.98592844e-09 -9.22369470e-09  4.23776657e-09  3.46944695e-18 
 2.50000000e+01  0.00000000e+00  8.00000000e-01  1.00000000e-01  8.00000000e-01  4.98592844e-09 -8.56099991e-09  3.57507131e-09  3.46944695e-18 
 2.50000000e+01  0.00000000e+00  8.00000000e-01  1.50000000e-01  8.00000000e-01  4.98592844e-09 -7.97643818e-09  2.99051004e-09  3.46944695e-18 
 2.50000000e+01  0.00000000e+00  8.00000000e-01  2.00000000e-01  8.00000000e-01  4.98592845e-09 -7.46321227e-09  2.47728468e-09  3.46944695e-18 
 2.50000000e+01  0.00000000e+00  8.00000000e-01  2.50000000e-01  8.00000000e-01  4.98592847e-09 -7.01502589e-09  2.02909652e-09  3.46944695e-18 
 2.50000000e+01  0.00000000e+00  8.00000000e-01  3.00000000e-01  8.00000000e-01  4.98592858e-09 -6.62604194e-09  1.64011301e-09  0.00000000e+00 
 2.50000000e+01  0.00000000e+00  8.00000000e-01  3.50000000e-01  8.00000000e-01  4.98592942e-09 -6.29086561e-09  1.30493624e-09  0.00000000e+00 
 2.50000000e+01  0.00000000e+00  8.00000000e-01  4.00000000e-01  8.00000000e-01  4.98593543e-09 -6.00450534e-09  1.01857060e-09  3.46944695e-18 
 2.50000000e+01  0.00000000e+00  8.00000000e-01  4.50000000e-01  8.00000000e-01  4.98597795e-09 -5.76235060e-09  7.76372344e-10  0.00000000e+00 
 2.50000000e+01  0.00000000e+00  8.00000000e-01  5.00000000e-01  8.00000000e-01  4.98627572e-09 -5.56013902e-09  5.73863498e-10  3.46944695e-18 
 2.50000000e+01  0.00000000e+00  8.00000000e-01  5.50000000e-01  8.00000000e-01  4.98833607e-09 -5.39394218e-09  4.05606632e-10  0.00000000e+00 
 2.50000000e+01  0.00000000e+00  8.00000000e-01  6.00000000e-01  8.00000000e-01  5.00238086e-09 -5.26013721e-09  2.57756371e-10  0.00000000e+00 
 2.50000000e+01  0.00000000e+00  8.00000000e-01  6.50000000e-01  8.00000000e-01  5.09617283e-09 -5.15538545e-09  5.92118500e-11  0.00000000e+00 
 2.50000000e+01  0.00000000e+00  8.00000000e-01  7.00000000e-01  8.00000000e-01  5.70262391e-09 -5.07661291e-09 -6.26011581e-10  0.00000000e+00 
 2.50000000e+01  0.00000000e+00  8.00000000e-01  7.50000000e-01  8.00000000e-01  9.41084870e-09 -5.02099340e-09 -4.38985500e-09 -5.20417043e-17 
 2.50000000e+01  0.00000000e+00  8.00000000e-01  8.00000000e-01  8.00000000e-01  3.00005594e-08 -4.98592900e-09 -2.50146307e-08 -2.32452946e-16 
 2.50000000e+01  5.00000000e-02  8.00000000e-01  0.00000000e+00  8.00000000e-01  4.23776657e-09 -9.22369470e-09  4.98592844e-09  3.46944695e-18 
 2.50000000e+01  5.00000000e-02  8.00000000e-01  5.00000000e-02  8.00000000e-01  4.23776657e-09 -8.47553228e-09  4.23776657e-09  3.46944695e-18 
 2.50000000e+01  5.00000000e-02  8.00000000e-01  1.00000000e-01  8.00000000e-01  4.23776657e-09 -7.81283660e-09  3.57507132e-09  3.46944695e-18 
 2.50000000e+01  5.00000000e-02  8.00000000e-01  1.50000000e-01  8.00000000e-01  4.23776657e-09 -7.22827664e-09  2.99051004e-09  3.46944695e-18 
 2.50000000e+01  5.00000000e-02  8.00000000e-01  2.00000000e-01  8.00000000e-01  4.23776658e-09 -6.71505074e-09  2.47728468e-09  3.46944695e-18 
 2.50000000e+01  5.00000000e-02  8.00000000e-01  2.50000000e-01  8.00000000e-01  4.23776659e-09 -6.26686170e-09  2.02909653e-09  3.46944695e-18 
 2.50000000e+01  5.00000000e-02  8.00000000e-01  3.00000000e-01  8.00000000e-01  4.23776668e-09 -5.87787863e-09  1.64011303e-09  0.00000000e+00 
 2.50000000e+01  5.00000000e-02  8.00000000e-01  3.50000000e-01  8.00000000e-01  4.23776737e-09 -5.54270407e-09  1.30493642e-09  0.00000000e+00 
 2.50000000e+01  5.00000000e-02  8.00000000e-01  4.00000000e-01  8.00000000e-01  4.23777224e-09 -5.25634380e-09  1.01857192e-09  3.46944695e-18 
 2.50000000e+01  5.00000000e-02  8.00000000e-01  4.50000000e-01  8.00000000e-01  4.23780678e-09 -5.01418818e-09  7.76381644e-10  0.00000000e+00 
 2.50000000e+01  5.00000000e-02  8.00000000e-01  5.00000000e-01  8.00000000e-01  4.23804912e-09 -4.81197748e-09  5.73928231e-10  3.46944695e-18 
 2.50000000e+01  5.00000000e-02  8.00000000e-01  5.50000000e-01  8.00000000e-01  4.23972910e-09 -4.64578065e-09  4.06051732e-10  0.00000000e+00 
 2.50000000e+01  5.00000000e-02  8.00000000e-01  6.00000000e-01  8.00000000e-01  4.25120603e-09 -4.51197479e-09  2.60769329e-10  0.00000000e+00 
 2.50000000e+01  5.00000000e-02  8.00000000e-01  6.50000000e-01  8.00000000e-01  4.32806560e-09 -4.40722303e-09  7.91572073e-11  0.00000000e+00 
 2.50000000e+01  5.00000000e-02  8.00000000e-01  7.00000000e-01  8.00000000e-01  4.82711658e-09 -4.32844960e-09 -4.98666124e-10  0.00000000e+00 
 2.50000000e+01  5.00000000e-02  8.00000000e-01  7.50000000e-01  8.00000000e-01  7.89981109e-09 -4.27283098e-09 -3.62697928e-09 -2.77555756e-17 
 2.50000000e+01  5.00000000e-02  8.00000000e-01  8.00000000e-01  8.00000000e-01  2.51527920e-08 -4.23776569e-09 -2.09150252e-08 -1.80411242e-16 
 2.50000000e+01  1.00000000e-01  8.00000000e-01  0.00000000e+00  8.00000000e-01  3.57507131e-09 -8.56099991e-09  4.98592844e-09  3.46944695e-18 
 2.50000000e+01  1.00000000e-01  8.00000000e-01  5.00000000e-02  8.00000000e-01  3.57507132e-09 -7.81283660e-09  4.23776657e-09  3.46944695e-18 
 2.50000000e+01  1.00000000e-01  8.00000000e-01  1.00000000e-01  8.00000000e-01  3.57507132e-09 -7.15014270e-09  3.57507132e-09  3.46944695e-18 
 2.50000000e+01  1.00000000e-01  8.00000000e-01  1.50000000e-01  8.00000000e-01  3.57507132e-09 -6.56558097e-09  2.99051004e-09  3.46944695e-18 
 2.50000000e+01  1.00000000e-01  8.00000000e-01  2.00000000e-01  8.00000000e-01  3.57507132e-09 -6.05235506e-09  2.47728468e-09  3.46944695e-18 
 2.50000000e+01  1.00000000e-01  8.00000000e-01  2.50000000e-01  8.00000000e-01  3.57507133e-09 -5.60416780e-09  2.02909653e-09  3.46944695e-18 
 2.50000000e+01  1.00000000e-01  8.00000000e-01  3.00000000e-01  8.00000000e-01  3.57507141e-09 -5.21518473e-09  1.64011305e-09  0.00000000e+00 
 2.50000000e+01  1.00000000e-01  8.00000000e-01  3.50000000e-01  8.00000000e-01  3.57507196e-09 -4.88000840e-09  1.30493658e-09  0.00000000e+00 
 2.50000000e+01  1.00000000e-01  8.00000000e-01  4.00000000e-01  8.00000000e-01  3.57507591e-09 -4.59364990e-09  1.01857300e-09  3.46944695e-18 
 2.50000000e+01  1.00000000e-01  8.00000000e-01  4.50000000e-01  8.00000000e-01  3.57510394e-09 -4.35149339e-09  7.76389229e-10  0.00000000e+00 
 2.50000000e+01  1.00000000e-01  8.00000000e-01  5.00000000e-01  8.00000000e-01  3.57530100e-09 -4.14928270e-09  5.73981093e-10  3.46944695e-18 
 2.50000000e+01  1.00000000e-01  8.00000000e-01  5.50000000e-01  8.00000000e-01  3.57666977e-09 -3.98308497e-09  4.06415806e-10  0.00000000e+00 
 2.50000000e+01  1.00000000e-01  8.00000000e-01  6.00000000e-01  8.00000000e-01  3.58604123e-09 -3.84927912e-09  2.63238872e-10  0.00000000e+00 
 2.50000000e+01  1.00000000e-01  8.00000000e-01  6.50000000e-01  8.00000000e-01  3.64897686e-09 -3.74452824e-09  9.55506893e-11  0.00000000e+00 
 2.50000000e+01  1.00000000e-01  8.00000000e-01  7.00000000e-01  8.00000000e-01  4.05930869e-09 -3.66575481e-09 -3.93553485e-10  0.00000000e+00 
 2.50000000e+01  1.00000000e-01  8.00000000e-01  7.50000000e-01  8.00000000e-01  6.60295129e-09 -3.61013619e-09 -2.99281474e-09 -2.77555756e-17 
 2.50000000e+01  1.00000000e-01  8.00000000e-01  8.00000000e-01  8.00000000e-01  2.10442256e-08 -3.57507179e-09 -1.74691541e-08 -1.56125113e-16 
 2.50000000e+01  1.50000000e-01  8.00000000e-01  0.00000000e+00  8.00000000e-01  2.99051004e-09 -7.97643818e-09  4.98592844e-09  3.46944695e-18 
 2.50000000e+01  1.50000000e-01  8.00000000e-01  5.00000000e-02  8.00000000e-01  2.99051004e-09 -7.22827664e-09  4.23776657e-09  3.46944695e-18 
 2.50000000e+01  1.50000000e-01  8.00000000e-01  1.00000000e-01  8.00000000e-01  2.99051004e-09 -6.56558097e-09  3.57507132e-09  3.46944695e-18 
 2.50000000e+01  1.50000000e-01  8.00000000e-01  1.50000000e-01  8.00000000e-01  2.99051004e-09 -5.98102012e-09  2.99051004e-09  3.46944695e-18 
 2.50000000e+01  1.50000000e-01  8.00000000e-01  2.00000000e-01  8.00000000e-01  2.99051004e-09 -5.46779422e-09  2.47728469e-09  3.46944695e-18 
 2.50000000e+01  1.50000000e-01  8.00000000e-01  2.50000000e-01  8.00000000e-01  2.99051005e-09 -5.01960695e-09  2.02909654e-09  3.46944695e-18 
 2.50000000e+01  1.50000000e-01  8.00000000e-01  3.00000000e-01  8.00000000e-01  2.99051011e-09 -4.63062300e-09  1.64011307e-09  0.00000000e+00 
 2.50000000e+01  1.50000000e-01  8.00000000e-01  3.50000000e-01  8.00000000e-01  2.99051056e-09 -4.29544755e-09  1.30493670e-09  0.00000000e+00 
 2.50000000e+01  1.50000000e-01  8.00000000e-01  4.00000000e-01  8.00000000e-01  2.99051375e-09 -4.00908817e-09  1.01857388e-09  3.46944695e-18 
 2.50000000e+01  1.50000000e-01  8.00000000e-01  4.50000000e-01  8.00000000e-01  2.99053648e-09 -3.76693254e-09  7.76395415e-10  0.00000000e+00 
 2.50000000e+01  1.50000000e-01  8.00000000e-01  5.00000000e-01  8.00000000e-01  2.99069656e-09 -3.56472185e-09  5.74024251e-10  3.46944695e-18 
 2.50000000e+01  1.50000000e-01  8.00000000e-01  5.50000000e-01  8.00000000e-01  2.99181081e-09 -3.39852413e-09  4.06713486e-10  0.00000000e+00 
 2.50000000e+01  1.50000000e-01  8.00000000e-01  6.00000000e-01  8.00000000e-01  2.99945674e-09 -3.26471827e-09  2.65262086e-10  0.00000000e+00 
 2.50000000e+01  1.50000000e-01  8.00000000e-01  6.50000000e-01  8.00000000e-01  3.05094717e-09 -3.15996651e-09  1.09019100e-10  0.00000000e+00 
 2.50000000e+01  1.50000000e-01  8.00000000e-01  7.00000000e-01  8.00000000e-01  3.38801168e-09 -3.08119397e-09 -3.06817764e-10 -3.46944695e-18 
 2.50000000e+01  1.50000000e-01  8.00000000e-01  7.50000000e-01  8.00000000e-01  5.49125202e-09 -3.02557446e-09 -2.46567675e-09 -2.77555756e-17 
 2.50000000e+01  1.50000000e-01  8.00000000e-01  8.00000000e-01  8.00000000e-01  1.75619102e-08 -2.99051006e-09 -1.45714001e-08 -1.11022302e-16 
 2.50000000e+01  2.00000000e-01  8.00000000e-01  0.00000000e+00  8.00000000e-01  2.47728468e-09 -7.46321227e-09  4.98592845e-09  3.46944695e-18 
 2.50000000e+01  2.00000000e-01  8.00000000e-01  5.00000000e-02  8.00000000e-01  2.47728468e-09 -6.71505074e-09  4.23776658e-09  3.46944695e-18 
 2.50000000e+01  2.00000000e-01  8.00000000e-01  1.00000000e-01  8.00000000e-01  2.47728468e-09 -6.05235506e-09  3.57507132e-09  3.46944695e-18 
 2.50000000e+01  2.00000000e-01  8.00000000e-01  1.50000000e-01  8.00000000e-01  2.47728469e-09 -5.46779422e-09  2.99051004e-09  3.46944695e-18 
 2.50000000e+01  2.00000000e-01  8.00000000e-01  2.00000000e-01  8.00000000e-01  2.47728469e-09 -4.95456831e-09  2.47728469e-09  3.46944695e-18 
 2.50000000e+01  2.00000000e-01  8.00000000e-01  2.50000000e-01  8.00000000e-01  2.47728470e-09 -4.50638105e-09  2.02909654e-09  3.46944695e-18 
 2.50000000e+01  2.00000000e-01  8.00000000e-01  3.00000000e-01  8.00000000e-01  2.47728474e-09 -4.11739709e-09  1.64011309e-09  0.00000000e+00 
 2.50000000e+01  2.00000000e-01  8.00000000e-01  3.50000000e-01  8.00000000e-01  2.47728510e-09 -3.78222165e-09  1.30493680e-09  0.00000000e+00 
 2.50000000e+01  2.00000000e-01  8.00000000e-01  4.00000000e-01  8.00000000e-01  2.47728768e-09 -3.49586227e-09  1.01857460e-09  3.46944695e-18 
 2.50000000e+01  2.00000000e-01  8.00000000e-01  4.50000000e-01  8.00000000e-01  2.47730607e-09 -3.25370575e-09  7.76400464e-10  0.00000000e+00 
 2.50000000e+01  2.00000000e-01  8.00000000e-01  5.00000000e-01  8.00000000e-01  2.47743597e-09 -3.05149506e-09  5.74059488e-10  3.46944695e-18 
 2.50000000e+01  2.00000000e-01  8.00000000e-01  5.50000000e-01  8.00000000e-01  2.47834213e-09 -2.88529733e-09  4.06956813e-10  0.00000000e+00 
 2.50000000e+01  2.00000000e-01  8.00000000e-01  6.00000000e-01  8.00000000e-01  2.48457458e-09 -2.75149148e-09  2.66918887e-10  0.00000000e+00 
 2.50000000e+01  2.00000000e-01  8.00000000e-01  6.50000000e-01  8.00000000e-01  2.52666282e-09 -2.64674060e-09  1.20078100e-10  0.00000000e+00 
 2.50000000e+01  2.00000000e-01  8.00000000e-01  7.00000000e-01  8.00000000e-01  2.80326040e-09 -2.56796717e-09 -2.35291829e-10  3.46944695e-18 
 2.50000000e+01  2.00000000e-01  8.00000000e-01  7.50000000e-01  8.00000000e-01  4.54014659e-09 -2.51234944e-09 -2.02779669e-09 -1.04083409e-17 
 2.50000000e+01  2.00000000e-01  8.00000000e-01  8.00000000e-01  8.00000000e-01  1.46130607e-08 -2.47728416e-09 -1.21357759e-08 -8.67361738e-17 
 2.50000000e+01  2.50000000e-01  8.00000000e-01  0.00000000e+00  8.00000000e-01  2.02909652e-09 -7.01502589e-09  4.98592847e-09  3.46944695e-18 
 2.50000000e+01  2.50000000e-01  8.00000000e-01  5.00000000e-02  8.00000000e-01  2.02909653e-09 -6.26686170e-09  4.23776659e-09  3.46944695e-18 
 2.50000000e+01  2.50000000e-01  8.00000000e-01  1.00000000e-01  8.00000000e-01  2.02909653e-09 -5.60416780e-09  3.57507133e-09  3.46944695e-18 
 2.50000000e+01  2.50000000e-01  8.00000000e-01  1.50000000e-01  8.00000000e-01  2.02909654e-09 -5.01960695e-09  2.99051005e-09  3.46944695e-18 
 2.50000000e+01  2.50000000e-01  8.00000000e-01  2.00000000e-01  8.00000000e-01  2.02909654e-09 -4.50638105e-09  2.47728470e-09  3.46944695e-18 
 2.50000000e+01  2.50000000e-01  8.00000000e-01  2.50000000e-01  8.00000000e-01  2.02909655e-09 -4.05819200e-09  2.02909655e-09  3.46944695e-18 
 2.50000000e+01  2.50000000e-01  8.00000000e-01  3.00000000e-01  8.00000000e-01  2.02909659e-09 -3.66920894e-09  1.64011310e-09  0.00000000e+00 
 2.50000000e+01  2.50000000e-01  8.00000000e-01  3.50000000e-01  8.00000000e-01  2.02909687e-09 -3.33403349e-09  1.30493689e-09  0.00000000e+00 
 2.50000000e+01  2.50000000e-01  8.00000000e-01  4.00000000e-01  8.00000000e-01  2.02909894e-09 -3.04767322e-09  1.01857519e-09  3.46944695e-18 
 2.50000000e+01  2.50000000e-01  8.00000000e-01  4.50000000e-01  8.00000000e-01  2.02911380e-09 -2.80551760e-09  7.76404593e-10  0.00000000e+00 
 2.50000000e+01  2.50000000e-01  8.00000000e-01  5.00000000e-01  8.00000000e-01  2.02921904e-09 -2.60330779e-09  5.74088275e-10  3.46944695e-18 
 2.50000000e+01  2.50000000e-01  8.00000000e-01  5.50000000e-01  8.00000000e-01  2.02995509e-09 -2.43711007e-09  4.07155713e-10  0.00000000e+00 
 2.50000000e+01  2.50000000e-01  8.00000000e-01  6.00000000e-01  8.00000000e-01  2.03503013e-09 -2.30330510e-09  2.68275196e-10  0.00000000e+00 
 2.50000000e+01  2.50000000e-01  8.00000000e-01  6.50000000e-01  8.00000000e-01  2.06939908e-09 -2.19855156e-09  1.29153696e-10  0.00000000e+00 
 2.50000000e+01  2.50000000e-01  8.00000000e-01  7.00000000e-01  8.00000000e-01  2.29613427e-09 -2.11977991e-09 -1.76353849e-10  3.46944695e-18 
 2.50000000e+01  2.50000000e-01  8.00000000e-01  7.50000000e-01  8.00000000e-01  3.72858825e-09 -2.06416040e-09 -1.66442649e-09 -1.04083409e-17 
 2.50000000e+01  2.50000000e-01  8.00000000e-01  8.00000000e-01  8.00000000e-01  1.21199932e-08 -2.02909600e-09 -1.00908966e-08 -5.89805982e-17 
 2.50000000e+01  3.00000000e-01  8.00000000e-01  0.00000000e+00  8.00000000e-01  1.64011301e-09 -6.62604194e-09  4.98592858e-09  0.00000000e+00 
 2.50000000e+01  3.00000000e-01  8.00000000e-01  5.00000000e-02  8.00000000e-01  1.64011303e-09 -5.87787863e-09  4.23776668e-09  0.00000000e+00 
 2.50000000e+01  3.00000000e-01  8.00000000e-01  1.00000000e-01  8.00000000e-01  1.64011305e-09 -5.21518473e-09  3.57507141e-09  0.00000000e+00 
 2.50000000e+01  3.00000000e-01  8.00000000e-01  1.50000000e-01  8.00000000e-01  1.64011307e-09 -4.63062300e-09  2.99051011e-09  0.00000000e+00 
 2.50000000e+01  3.00000000e-01  8.00000000e-01  2.00000000e-01  8.00000000e-01  1.64011309e-09 -4.11739709e-09  2.47728474e-09  0.00000000e+00 
 2.50000000e+01  3.00000000e-01  8.00000000e-01  2.50000000e-01  8.00000000e-01  1.64011310e-09 -3.66920894e-09  2.02909659e-09  0.00000000e+00 
 2.50000000e+01  3.00000000e-01  8.00000000e-01  3.00000000e-01  8.00000000e-01  1.64011314e-09 -3.28022676e-09  1.64011314e-09  0.00000000e+00 
 2.50000000e+01  3.00000000e-01  8.00000000e-01  3.50000000e-01  8.00000000e-01  1.64011338e-09 -2.94505043e-09  1.30493698e-09  0.00000000e+00 
 2.50000000e+01  3.00000000e-01  8.00000000e-01  4.00000000e-01  8.00000000e-01  1.64011504e-09 -2.65868927e-09  1.01857569e-09  3.46944695e-18 
 2.50000000e+01  3.00000000e-01  8.00000000e-01  4.50000000e-01  8.00000000e-01  1.64012700e-09 -2.41653542e-09  7.76407996e-10  0.00000000e+00 
 2.50000000e+01  3.00000000e-01  8.00000000e-01  5.00000000e-01  8.00000000e-01  1.64021207e-09 -2.21432472e-09  5.74111846e-10  3.46944695e-18 
 2.50000000e+01  3.00000000e-01  8.00000000e-01  5.50000000e-01  8.00000000e-01  1.64080900e-09 -2.04812700e-09  4.07318397e-10  0.00000000e+00 
 2.50000000e+01  3.00000000e-01  8.00000000e-01  6.00000000e-01  8.00000000e-01  1.64493646e-09 -1.91432115e-09  2.69385468e-10  0.00000000e+00 
 2.50000000e+01  3.00000000e-01  8.00000000e-01  6.50000000e-01  8.00000000e-01  1.67297087e-09 -1.80956938e-09  1.36598505e-10  0.00000000e+00 
 2.50000000e+01  3.00000000e-01  8.00000000e-01  7.00000000e-01  8.00000000e-01  1.85862152e-09 -1.73079595e-09 -1.27824498e-10  3.46944695e-18 
 2.50000000e+01  3.00000000e-01  8.00000000e-01  7.50000000e-01  8.00000000e-01  3.03840357e-09 -1.67517644e-09 -1.36322521e-09 -1.04083409e-17 
 2.50000000e+01  3.00000000e-01  8.00000000e-01  8.00000000e-01  8.00000000e-01  1.00167245e-08 -1.64011205e-09 -8.37661135e-09 -5.20417043e-17 
 2.50000000e+01  3.50000000e-01  8.00000000e-01  0.00000000e+00  8.00000000e-01  1.30493624e-09 -6.29086561e-09  4.98592942e-09  0.00000000e+00 
 2.50000000e+01  3.50000000e-01  8.00000000e-01  5.00000000e-02  8.00000000e-01  1.30493642e-09 -5.54270407e-09  4.23776737e-09  0.00000000e+00 
 2.50000000e+01  3.50000000e-01  8.00000000e-01  1.00000000e-01  8.00000000e-01  1.30493658e-09 -4.88000840e-09  3.57507196e-09  0.00000000e+00 
 2.50000000e+01  3.50000000e-01  8.00000000e-01  1.50000000e-01  8.00000000e-01  1.30493670e-09 -4.29544755e-09  2.99051056e-09  0.00000000e+00 
 2.50000000e+01  3.50000000e-01  8.00000000e-01  2.00000000e-01  8.00000000e-01  1.30493680e-09 -3.78222165e-09  2.47728510e-09  0.00000000e+00 
 2.50000000e+01  3.50000000e-01  8.00000000e-01  2.50000000e-01  8.00000000e-01  1.30493689e-09 -3.33403349e-09  2.02909687e-09  0.00000000e+00 
 2.50000000e+01  3.50000000e-01  8.00000000e-01  3.00000000e-01  8.00000000e-01  1.30493698e-09 -2.94505043e-09  1.64011338e-09  0.00000000e+00 
 2.50000000e+01  3.50000000e-01  8.00000000e-01  3.50000000e-01  8.00000000e-01  1.30493722e-09 -2.60987587e-09  1.30493722e-09  0.00000000e+00 
 2.50000000e+01  3.50000000e-01  8.00000000e-01  4.00000000e-01  8.00000000e-01  1.30493857e-09 -2.32351471e-09  1.01857623e-09  3.46944695e-18 
 2.50000000e+01  3.50000000e-01  8.00000000e-01  4.50000000e-01  8.00000000e-01  1.30494817e-09 -2.08135909e-09  7.76410893e-10  0.00000000e+00 
 2.50000000e+01  3.50000000e-01  8.00000000e-01  5.00000000e-01  8.00000000e-01  1.30501670e-09 -1.87914928e-09  5.74131287e-10  3.46944695e-18 
 2.50000000e+01  3.50000000e-01  8.00000000e-01  5.50000000e-01  8.00000000e-01  1.30549972e-09 -1.71295067e-09  4.07451751e-10  0.00000000e+00 
 2.50000000e+01  3.50000000e-01  8.00000000e-01  6.00000000e-01  8.00000000e-01  1.30885113e-09 -1.57914570e-09  2.70294865e-10  0.00000000e+00 
 2.50000000e+01  3.50000000e-01  8.00000000e-01  6.50000000e-01  8.00000000e-01  1.33168863e-09 -1.47439483e-09  1.42704818e-10  0.00000000e+00 
 2.50000000e+01  3.50000000e-01  8.00000000e-01  7.00000000e-01  8.00000000e-01  1.48351028e-09 -1.39562051e-09 -8.78891916e-11  0.00000000e+00 
 2.50000000e+01  3.50000000e-01  8.00000000e-01  7.50000000e-01  8.00000000e-01  2.45382715e-09 -1.34000278e-09 -1.11382472e-09 -1.04083409e-17 
 2.50000000e+01  3.50000000e-01  8.00000000e-01  8.00000000e-01  8.00000000e-01  8.24669913e-09 -1.30493838e-09 -6.94176188e-09 -3.46944695e-17 
 2.50000000e+01  4.00000000e-01  8.00000000e-01  0.00000000e+00  8.00000000e-01  1.01857060e-09 -6.00450534e-09  4.98593543e-09  3.46944695e-18 
 2.50000000e+01  4.00000000e-01  8.00000000e-01  5.00000000e-02  8.00000000e-01  1.01857192e-09 -5.25634380e-09  4.23777224e-09  3.46944695e-18 
 2.50000000e+01  4.00000000e-01  8.00000000e-01  1.00000000e-01  8.00000000e-01  1.01857300e-09 -4.59364990e-09  3.57507591e-09  3.46944695e-18 
 2.50000000e+01  4.00000000e-01  8.00000000e-01  1.50000000e-01  8.00000000e-01  1.01857388e-09 -4.00908817e-09  2.99051375e-09  3.46944695e-18 
 2.50000000e+01  4.00000000e-01  8.00000000e-01  2.00000000e-01  8.00000000e-01  1.01857460e-09 -3.49586227e-09  2.47728768e-09  3.46944695e-18 
 2.50000000e+01  4.00000000e-01  8.00000000e-01  2.50000000e-01  8.00000000e-01  1.01857519e-09 -3.04767322e-09  2.02909894e-09  3.46944695e-18 
 2.50000000e+01  4.00000000e-01  8.00000000e-01  3.00000000e-01  8.00000000e-01  1.01857569e-09 -2.65868927e-09  1.64011504e-09  3.46944695e-18 
 2.50000000e+01  4.00000000e-01  8.00000000e-01  3.50000000e-01  8.00000000e-01  1.01857623e-09 -2.32351471e-09  1.30493857e-09  3.46944695e-18 
 2.50000000e+01  4.00000000e-01  8.00000000e-01  4.00000000e-01  8.00000000e-01  1.01857758e-09 -2.03715533e-09  1.01857758e-09  3.46944695e-18 
 2.50000000e+01  4.00000000e-01  8.00000000e-01  4.50000000e-01  8.00000000e-01  1.01858540e-09 -1.79499793e-09  7.76414029e-10  0.00000000e+00 
 2.50000000e+01  4.00000000e-01  8.00000000e-01  5.00000000e-01  8.00000000e-01  1.01864050e-09 -1.59278812e-09  5.74147853e-10  3.46944695e-18 
 2.50000000e+01  4.00000000e-01  8.00000000e-01  5.50000000e-01  8.00000000e-01  1.01902997e-09 -1.42659218e-09  4.07561869e-10  0.00000000e+00 
 2.50000000e+01  4.00000000e-01  8.00000000e-01  6.00000000e-01  8.00000000e-01  1.02174502e-09 -1.29278543e-09  2.71041342e-10  0.00000000e+00 
 2.50000000e+01  4.00000000e-01  8.00000000e-01  6.50000000e-01  8.00000000e-01  1.04031797e-09 -1.18803456e-09  1.47715846e-10  0.00000000e+00 
 2.50000000e+01  4.00000000e-01  8.00000000e-01  7.00000000e-01  8.00000000e-01  1.16429666e-09 -1.10926113e-09 -5.50352020e-11 -3.46944695e-18 
 2.50000000e+01  4.00000000e-01  8.00000000e-01  7.50000000e-01  8.00000000e-01  1.96114527e-09 -1.05364339e-09 -9.07502473e-10  0.00000000e+00 
 2.50000000e+01  4.00000000e-01  8.00000000e-01  8.00000000e-01  8.00000000e-01  6.76122468e-09 -1.01857633e-09 -5.74264707e-09 -2.77555756e-17 
 2.50000000e+01  4.50000000e-01  8.00000000e-01  0.00000000e+00  8.00000000e-01  7.76372344e-10 -5.76235060e-09  4.98597795e-09  0.00000000e+00 
 2.50000000e+01  4.50000000e-01  8.00000000e-01  5.00000000e-02  8.00000000e-01  7.76381644e-10 -5.01418818e-09  4.23780678e-09  0.00000000e+00 
 2.50000000e+01  4.50000000e-01  8.00000000e-01  1.00000000e-01  8.00000000e-01  7.76389229e-10 -4.35149339e-09  3.57510394e-09  0.00000000e+00 
 2.50000000e+01  4.50000000e-01  8.00000000e-01  1.50000000e-01  8.00000000e-01  7.76395415e-10 -3.76693254e-09  2.99053648e-09  0.00000000e+00 
 2.50000000e+01  4.50000000e-01  8.00000000e-01  2.00000000e-01  8.00000000e-01  7.76400464e-10 -3.25370575e-09  2.47730607e-09  0.00000000e+00 
 2.50000000e+01  4.50000000e-01  8.00000000e-01  2.50000000e-01  8.00000000e-01  7.76404593e-10 -2.80551760e-09  2.02911380e-09  0.00000000e+00 
 2.50000000e+01  4.50000000e-01  8.00000000e-01  3.00000000e-01  8.00000000e-01  7.76407996e-10 -2.41653542e-09  1.64012700e-09  0.00000000e+00 
 2.50000000e+01  4.50000000e-01  8.00000000e-01  3.50000000e-01  8.00000000e-01  7.76410893e-10 -2.08135909e-09  1.30494817e-09  0.00000000e+00 
 2.50000000e+01  4.50000000e-01  8.00000000e-01  4.00000000e-01  8.00000000e-01  7.76414029e-10 -1.79499793e-09  1.01858540e-09  0.00000000e+00 
 2.50000000e+01  4.50000000e-01  8.00000000e-01  4.50000000e-01  8.00000000e-01  7.76421849e-10 -1.55284496e-09  7.76421849e-10  0.00000000e+00 
 2.50000000e+01  4.50000000e-01  8.00000000e-01  5.00000000e-01  8.00000000e-01  7.76466815e-10 -1.35063338e-09  5.74165806e-10  3.46944695e-18 
 2.50000000e+01  4.50000000e-01  8.00000000e-01  5.50000000e-01  8.00000000e-01  7.76780289e-10 -1.18443477e-09  4.07655815e-10  0.00000000e+00 
 2.50000000e+01  4.50000000e-01  8.00000000e-01  6.00000000e-01  8.00000000e-01  7.78972020e-10 -1.05063069e-09  2.71658609e-10  0.00000000e+00 
 2.50000000e+01  4.50000000e-01  8.00000000e-01  6.50000000e-01  8.00000000e-01  7.94041330e-10 -9.45878043e-10  1.51836750e-10  0.00000000e+00 
 2.50000000e+01  4.50000000e-01  8.00000000e-01  7.00000000e-01  8.00000000e-01  8.95102489e-10 -8.67106387e-10 -2.79967648e-11  0.00000000e+00 
 2.50000000e+01  4.50000000e-01  8.00000000e-01  7.50000000e-01  8.00000000e-01  1.54840123e-09 -8.11485990e-10 -7.36914179e-10  0.00000000e+00 
 2.50000000e+01  4.50000000e-01  8.00000000e-01  8.00000000e-01  8.00000000e-01  5.51831194e-09 -7.76422482e-10 -4.74189007e-09 -2.77555756e-17 
 2.50000000e+01  5.00000000e-01  8.00000000e-01  0.00000000e+00  8.00000000e-01  5.73863498e-10 -5.56013902e-09  4.98627572e-09  3.46944695e-18 
 2.50000000e+01  5.00000000e-01  8.00000000e-01  5.00000000e-02  8.00000000e-01  5.73928231e-10 -4.81197748e-09  4.23804912e-09  3.46944695e-18 
 2.50000000e+01  5.00000000e-01  8.00000000e-01  1.00000000e-01  8.00000000e-01  5.73981093e-10 -4.14928270e-09  3.57530100e-09  3.46944695e-18 
 2.50000000e+01  5.00000000e-01  8.00000000e-01  1.50000000e-01  8.00000000e-01  5.74024251e-10 -3.56472185e-09  2.99069656e-09  3.46944695e-18 
 2.50000000e+01  5.00000000e-01  8.00000000e-01  2.00000000e-01  8.00000000e-01  5.74059488e-10 -3.05149506e-09  2.47743597e-09  3.46944695e-18 
 2.50000000e+01  5.00000000e-01  8.00000000e-01  2.50000000e-01  8.00000000e-01  5.74088275e-10 -2.60330779e-09  2.02921904e-09  3.46944695e-18 
 2.50000000e+01  5.00000000e-01  8.00000000e-01  3.00000000e-01  8.00000000e-01  5.74111846e-10 -2.21432472e-09  1.64021207e-09  3.46944695e-18 
 2.50000000e+01  5.00000000e-01  8.00000000e-01  3.50000000e-01  8.00000000e-01  5.74131287e-10 -1.87914928e-09  1.30501670e-09  3.46944695e-18 
 2.50000000e+01  5.00000000e-01  8.00000000e-01  4.00000000e-01  8.00000000e-01  5.74147853e-10 -1.59278812e-09  1.01864050e-09  3.46944695e-18 
 2.50000000e+01  5.00000000e-01  8.00000000e-01  4.50000000e-01  8.00000000e-01  5.74165806e-10 -1.35063338e-09  7.76466815e-10  3.46944695e-18 
 2.50000000e+01  5.00000000e-01  8.00000000e-01  5.00000000e-01  8.00000000e-01  5.74210773e-10 -1.14842180e-09  5.74210773e-10  3.46944695e-18 
 2.50000000e+01  5.00000000e-01  8.00000000e-01  5.50000000e-01  8.00000000e-01  5.74467280e-10 -9.82225856e-10  4.07757747e-10  0.00000000e+00 
 2.50000000e+01  5.00000000e-01  8.00000000e-01  6.00000000e-01  8.00000000e-01  5.76233564e-10 -8.48419113e-10  2.72185989e-10  0.00000000e+00 
 2.50000000e+01  5.00000000e-01  8.00000000e-01  6.50000000e-01  8.00000000e-01  5.88416385e-10 -7.43667350e-10  1.55250618e-10  0.00000000e+00 
 2.50000000e+01  5.00000000e-01  8.00000000e-01  7.00000000e-01  8.00000000e-01  6.70594400e-10 -6.64894806e-10 -5.69975191e-12  0.00000000e+00 
 2.50000000e+01  5.00000000e-01  8.00000000e-01  7.50000000e-01  8.00000000e-01  1.20513000e-09 -6.09275297e-10 -5.95854023e-10  0.00000000e+00 
 2.50000000e+01  5.00000000e-01  8.00000000e-01  8.00000000e-01  8.00000000e-01  4.48171546e-09 -5.74211789e-10 -3.90750467e-09 -1.04083409e-17 
 2.50000000e+01  5.50000000e-01  8.00000000e-01  0.00000000e+00  8.00000000e-01  4.05606632e-10 -5.39394218e-09  4.98833607e-09  0.00000000e+00 
 2.50000000e+01  5.50000000e-01  8.00000000e-01  5.00000000e-02  8.00000000e-01  4.06051732e-10 -4.64578065e-09  4.23972910e-09  0.00000000e+00 
 2.50000000e+01  5.50000000e-01  8.00000000e-01  1.00000000e-01  8.00000000e-01  4.06415806e-10 -3.98308497e-09  3.57666977e-09  0.00000000e+00 
 2.50000000e+01  5.50000000e-01  8.00000000e-01  1.50000000e-01  8.00000000e-01  4.06713486e-10 -3.39852413e-09  2.99181081e-09  0.00000000e+00 
 2.50000000e+01  5.50000000e-01  8.00000000e-01  2.00000000e-01  8.00000000e-01  4.06956813e-10 -2.88529733e-09  2.47834213e-09  0.00000000e+00 
 2.50000000e+01  5.50000000e-01  8.00000000e-01  2.50000000e-01  8.00000000e-01  4.07155713e-10 -2.43711007e-09  2.02995509e-09  0.00000000e+00 
 2.50000000e+01  5.50000000e-01  8.00000000e-01  3.00000000e-01  8.00000000e-01  4.07318397e-10 -2.04812700e-09  1.64080900e-09  0.00000000e+00 
 2.50000000e+01  5.50000000e-01  8.00000000e-01  3.50000000e-01  8.00000000e-01  4.07451751e-10 -1.71295067e-09  1.30549972e-09  0.00000000e+00 
 2.50000000e+01  5.50000000e-01  8.00000000e-01  4.00000000e-01  8.00000000e-01  4.07561869e-10 -1.42659218e-09  1.01902997e-09  0.00000000e+00 
 2.50000000e+01  5.50000000e-01  8.00000000e-01  4.50000000e-01  8.00000000e-01  4.07655815e-10 -1.18443477e-09  7.76780289e-10  0.00000000e+00 
 2.50000000e+01  5.50000000e-01  8.00000000e-01  5.00000000e-01  8.00000000e-01  4.07757747e-10 -9.82225856e-10  5.74467280e-10  0.00000000e+00 
 2.50000000e+01  5.50000000e-01  8.00000000e-01  5.50000000e-01  8.00000000e-01  4.08014254e-10 -8.16027246e-10  4.08014254e-10  0.00000000e+00 
 2.50000000e+01  5.50000000e-01  8.00000000e-01  6.00000000e-01  8.00000000e-01  4.09463976e-10 -6.82222279e-10  2.72759059e-10  0.00000000e+00 
 2.50000000e+01  5.50000000e-01  8.00000000e-01  6.50000000e-01  8.00000000e-01  4.19297544e-10 -5.77471404e-10  1.58172941e-10  0.00000000e+00 
 2.50000000e+01  5.50000000e-01  8.00000000e-01  7.00000000e-01  8.00000000e-01  4.85876228e-10 -4.98698860e-10  1.28219011e-11 -3.46944695e-18 
 2.50000000e+01  5.50000000e-01  8.00000000e-01  7.50000000e-01  8.00000000e-01  9.22080007e-10 -4.43078463e-10 -4.79000548e-10  0.00000000e+00 
 2.50000000e+01  5.50000000e-01  8.00000000e-01  8.00000000e-01  8.00000000e-01  3.62003183e-09 -4.08014067e-10 -3.21201756e-09 -1.04083409e-17 
 2.50000000e+01  6.00000000e-01  8.00000000e-01  0.00000000e+00  8.00000000e-01  2.57756371e-10 -5.26013721e-09  5.00238086e-09  0.00000000e+00 
 2.50000000e+01  6.00000000e-01  8.00000000e-01  5.00000000e-02  8.00000000e-01  2.60769329e-10 -4.51197479e-09  4.25120603e-09  0.00000000e+00 
 2.50000000e+01  6.00000000e-01  8.00000000e-01  1.00000000e-01  8.00000000e-01  2.63238872e-10 -3.84927912e-09  3.58604123e-09  0.00000000e+00 
 2.50000000e+01  6.00000000e-01  8.00000000e-01  1.50000000e-01  8.00000000e-01  2.65262086e-10 -3.26471827e-09  2.99945674e-09  0.00000000e+00 
 2.50000000e+01  6.00000000e-01  8.00000000e-01  2.00000000e-01  8.00000000e-01  2.66918887e-10 -2.75149148e-09  2.48457458e-09  0.00000000e+00 
 2.50000000e+01  6.00000000e-01  8.00000000e-01  2.50000000e-01  8.00000000e-01  2.68275196e-10 -2.30330510e-09  2.03503013e-09  0.00000000e+00 
 2.50000000e+01  6.00000000e-01  8.00000000e-01  3.00000000e-01  8.00000000e-01  2.69385468e-10 -1.91432115e-09  1.64493646e-09  0.00000000e+00 
 2.50000000e+01  6.00000000e-01  8.00000000e-01  3.50000000e-01  8.00000000e-01  2.70294865e-10 -1.57914570e-09  1.30885113e-09  0.00000000e+00 
 2.50000000e+01  6.00000000e-01  8.00000000e-01  4.00000000e-01  8.00000000e-01  2.71041342e-10 -1.29278543e-09  1.02174502e-09  0.00000000e+00 
 2.50000000e+01  6.00000000e-01  8.00000000e-01  4.50000000e-01  8.00000000e-01  2.71658609e-10 -1.05063069e-09  7.78972020e-10  0.00000000e+00 
 2.50000000e+01  6.00000000e-01  8.00000000e-01  5.00000000e-01  8.00000000e-01  2.72185989e-10 -8.48419113e-10  5.76233564e-10  0.00000000e+00 
 2.50000000e+01  6.00000000e-01  8.00000000e-01  5.50000000e-01  8.00000000e-01  2.72759059e-10 -6.82222279e-10  4.09463976e-10  0.00000000e+00 
 2.50000000e+01  6.00000000e-01  8.00000000e-01  6.00000000e-01  8.00000000e-01  2.74208779e-10 -5.48416423e-10  2.74208779e-10  0.00000000e+00 
 2.50000000e+01  6.00000000e-01  8.00000000e-01  6.50000000e-01  8.00000000e-01  2.82309672e-10 -4.43664661e-10  1.61355337e-10  0.00000000e+00 
 2.50000000e+01  6.00000000e-01  8.00000000e-01  7.00000000e-01  8.00000000e-01  3.36171030e-10 -3.64892117e-10  2.87216234e-11  0.00000000e+00 
 2.50000000e+01  6.00000000e-01  8.00000000e-01  7.50000000e-01  8.00000000e-01  6.90775352e-10 -3.09272608e-10 -3.81501369e-10  0.00000000e+00 
 2.50000000e+01  6.00000000e-01  8.00000000e-01  8.00000000e-01  8.00000000e-01  2.90565380e-09 -2.74208212e-10 -2.63144501e-09 -3.46944695e-18 
 2.50000000e+01  6.50000000e-01  8.00000000e-01  0.00000000e+00  8.00000000e-01  5.92118500e-11 -5.15538545e-09  5.09617283e-09  0.00000000e+00 
 2.50000000e+01  6.50000000e-01  8.00000000e-01  5.00000000e-02  8.00000000e-01  7.91572073e-11 -4.40722303e-09  4.32806560e-09  0.00000000e+00 
 2.50000000e+01  6.50000000e-01  8.00000000e-01  1.00000000e-01  8.00000000e-01  9.55506893e-11 -3.74452824e-09  3.64897686e-09  0.00000000e+00 
 2.50000000e+01  6.50000000e-01  8.00000000e-01  1.50000000e-01  8.00000000e-01  1.09019100e-10 -3.15996651e-09  3.05094717e-09  0.00000000e+00 
 2.50000000e+01  6.50000000e-01  8.00000000e-01  2.00000000e-01  8.00000000e-01  1.20078100e-10 -2.64674060e-09  2.52666282e-09  0.00000000e+00 
 2.50000000e+01  6.50000000e-01  8.00000000e-01  2.50000000e-01  8.00000000e-01  1.29153696e-10 -2.19855156e-09  2.06939908e-09  0.00000000e+00 
 2.50000000e+01  6.50000000e-01  8.00000000e-01  3.00000000e-01  8.00000000e-01  1.36598505e-10 -1.80956938e-09  1.67297087e-09  0.00000000e+00 
 2.50000000e+01  6.50000000e-01  8.00000000e-01  3.50000000e-01  8.00000000e-01  1.42704818e-10 -1.47439483e-09  1.33168863e-09  0.00000000e+00 
 2.50000000e+01  6.50000000e-01  8.00000000e-01  4.00000000e-01  8.00000000e-01  1.47715846e-10 -1.18803456e-09  1.04031797e-09  0.00000000e+00 
 2.50000000e+01  6.50000000e-01  8.00000000e-01  4.50000000e-01  8.00000000e-01  1.51836750e-10 -9.45878043e-10  7.94041330e-10  0.00000000e+00 
 2.50000000e+01  6.50000000e-01  8.00000000e-01  5.00000000e-01  8.00000000e-01  1.55250618e-10 -7.43667350e-10  5.88416385e-10  0.00000000e+00 
 2.50000000e+01  6.50000000e-01  8.00000000e-01  5.50000000e-01  8.00000000e-01  1.58172941e-10 -5.77471404e-10  4.19297544e-10  0.00000000e+00 
 2.50000000e+01  6.50000000e-01  8.00000000e-01  6.00000000e-01  8.00000000e-01  1.61355337e-10 -4.43664661e-10  2.82309672e-10  0.00000000e+00 
 2.50000000e+01  6.50000000e-01  8.00000000e-01  6.50000000e-01  8.00000000e-01  1.69456224e-10 -3.38912010e-10  1.69456224e-10  0.00000000e+00 
 2.50000000e+01  6.50000000e-01  8.00000000e-01  7.00000000e-01  8.00000000e-01  2.14042851e-10 -2.60139466e-10  4.60972425e-11  0.00000000e+00 
 2.50000000e+01  6.50000000e-01  8.00000000e-01  7.50000000e-01  8.00000000e-01  5.01936511e-10 -2.04520845e-10 -2.97415089e-10  0.00000000e+00 
 2.50000000e+01  6.50000000e-01  8.00000000e-01  8.00000000e-01  8.00000000e-01  2.31283016e-09 -1.69456449e-10 -2.14337394e-09 -3.46944695e-18 
 2.50000000e+01  7.00000000e-01  8.00000000e-01  0.00000000e+00  8.00000000e-01 -6.26011581e-10 -5.07661291e-09  5.70262391e-09  0.00000000e+00 
 2.50000000e+01  7.00000000e-01  8.00000000e-01  5.00000000e-02  8.00000000e-01 -4.98666124e-10 -4.32844960e-09  4.82711658e-09  0.00000000e+00 
 2.50000000e+01  7.00000000e-01  8.00000000e-01  1.00000000e-01  8.00000000e-01 -3.93553485e-10 -3.66575481e-09  4.05930869e-09  0.00000000e+00 
 2.50000000e+01  7.00000000e-01  8.00000000e-01  1.50000000e-01  8.00000000e-01 -3.06817764e-10 -3.08119397e-09  3.38801168e-09 -3.46944695e-18 
 2.50000000e+01  7.00000000e-01  8.00000000e-01  2.00000000e-01  8.00000000e-01 -2.35291829e-10 -2.56796717e-09  2.80326040e-09  3.46944695e-18 
 2.50000000e+01  7.00000000e-01  8.00000000e-01  2.50000000e-01  8.00000000e-01 -1.76353849e-10 -2.11977991e-09  2.29613427e-09  3.46944695e-18 
 2.50000000e+01  7.00000000e-01  8.00000000e-01  3.00000000e-01  8.00000000e-01 -1.27824498e-10 -1.73079595e-09  1.85862152e-09  3.46944695e-18 
 2.50000000e+01  7.00000000e-01  8.00000000e-01  3.50000000e-01  8.00000000e-01 -8.78891916e-11 -1.39562051e-09  1.48351028e-09  0.00000000e+00 
 2.50000000e+01  7.00000000e-01  8.00000000e-01  4.00000000e-01  8.00000000e-01 -5.50352020e-11 -1.10926113e-09  1.16429666e-09 -3.46944695e-18 
 2.50000000e+01  7.00000000e-01  8.00000000e-01  4.50000000e-01  8.00000000e-01 -2.79967648e-11 -8.67106387e-10  8.95102489e-10  0.00000000e+00 
 2.50000000e+01  7.00000000e-01  8.00000000e-01  5.00000000e-01  8.00000000e-01 -5.69975191e-12 -6.64894806e-10  6.70594400e-10  0.00000000e+00 
 2.50000000e+01  7.00000000e-01  8.00000000e-01  5.50000000e-01  8.00000000e-01  1.28219011e-11 -4.98698860e-10  4.85876228e-10 -3.46944695e-18 
 2.50000000e+01  7.00000000e-01  8.00000000e-01  6.00000000e-01  8.00000000e-01  2.87216234e-11 -3.64892117e-10  3.36171030e-10  0.00000000e+00 
 2.50000000e+01  7.00000000e-01  8.00000000e-01  6.50000000e-01  8.00000000e-01  4.60972425e-11 -2.60139466e-10  2.14042851e-10  0.00000000e+00 
 2.50000000e+01  7.00000000e-01  8.00000000e-01  7.00000000e-01  8.00000000e-01  9.06838441e-11 -1.81366921e-10  9.06838441e-11  0.00000000e+00 
 2.50000000e+01  7.00000000e-01  8.00000000e-01  7.50000000e-01  8.00000000e-01  3.30697831e-10 -1.25749189e-10 -2.04948814e-10  0.00000000e+00 
 2.50000000e+01  7.00000000e-01  8.00000000e-01  8.00000000e-01  8.00000000e-01  1.80975275e-09 -9.06847930e-11 -1.71906893e-09  0.00000000e+00 
 2.50000000e+01  7.50000000e-01  8.00000000e-01  0.00000000e+00  8.00000000e-01 -4.38985500e-09 -5.02099340e-09  9.41084870e-09 -5.20417043e-17 
 2.50000000e+01  7.50000000e-01  8.00000000e-01  5.00000000e-02  8.00000000e-01 -3.62697928e-09 -4.27283098e-09  7.89981109e-09 -2.77555756e-17 
 2.50000000e+01  7.50000000e-01  8.00000000e-01  1.00000000e-01  8.00000000e-01 -2.99281474e-09 -3.61013619e-09  6.60295129e-09 -2.77555756e-17 
 2.50000000e+01  7.50000000e-01  8.00000000e-01  1.50000000e-01  8.00000000e-01 -2.46567675e-09 -3.02557446e-09  5.49125202e-09 -2.77555756e-17 
 2.50000000e+01  7.50000000e-01  8.00000000e-01  2.00000000e-01  8.00000000e-01 -2.02779669e-09 -2.51234944e-09  4.54014659e-09 -1.04083409e-17 
 2.50000000e+01  7.50000000e-01  8.00000000e-01  2.50000000e-01  8.00000000e-01 -1.66442649e-09 -2.06416040e-09  3.72858825e-09 -1.04083409e-17 
 2.50000000e+01  7.50000000e-01  8.00000000e-01  3.00000000e-01  8.00000000e-01 -1.36322521e-09 -1.67517644e-09  3.03840357e-09 -1.04083409e-17 
 2.50000000e+01  7.50000000e-01  8.00000000e-01  3.50000000e-01  8.00000000e-01 -1.11382472e-09 -1.34000278e-09  2.45382715e-09 -1.04083409e-17 
 2.50000000e+01  7.50000000e-01  8.00000000e-01  4.00000000e-01  8.00000000e-01 -9.07502473e-10 -1.05364339e-09  1.96114527e-09  0.00000000e+00 
 2.50000000e+01  7.50000000e-01  8.00000000e-01  4.50000000e-01  8.00000000e-01 -7.36914179e-10 -8.11485990e-10  1.54840123e-09  0.00000000e+00 
 2.50000000e+01  7.50000000e-01  8.00000000e-01  5.00000000e-01  8.00000000e-01 -5.95854023e-10 -6.09275297e-10  1.20513000e-09  0.00000000e+00 
 2.50000000e+01  7.50000000e-01  8.00000000e-01  5.50000000e-01  8.00000000e-01 -4.79000548e-10 -4.43078463e-10  9.22080007e-10  0.00000000e+00 
 2.50000000e+01  7.50000000e-01  8.00000000e-01  6.00000000e-01  8.00000000e-01 -3.81501369e-10 -3.09272608e-10  6.90775352e-10  0.00000000e+00 
 2.50000000e+01  7.50000000e-01  8.00000000e-01  6.50000000e-01  8.00000000e-01 -2.97415089e-10 -2.04520845e-10  5.01936511e-10  0.00000000e+00 
 2.50000000e+01  7.50000000e-01  8.00000000e-01  7.00000000e-01  8.00000000e-01 -2.04948814e-10 -1.25749189e-10  3.30697831e-10  0.00000000e+00 
 2.50000000e+01  7.50000000e-01  8.00000000e-01  7.50000000e-01  8.00000000e-01  3.50650951e-11 -7.01296798e-11  3.50650951e-11  0.00000000e+00 
 2.50000000e+01  7.50000000e-01  8.00000000e-01  8.00000000e-01  8.00000000e-01  1.28210066e-09 -3.50643958e-11 -1.24703568e-09  0.00000000e+00 
 2.50000000e+01  8.00000000e-01  8.00000000e-01  0.00000000e+00  8.00000000e-01 -2.50146307e-08 -4.98592900e-09  3.00005594e-08 -2.32452946e-16 
 2.50000000e+01  8.00000000e-01  8.00000000e-01  5.00000000e-02  8.00000000e-01 -2.09150252e-08 -4.23776569e-09  2.51527920e-08 -1.80411242e-16 
 2.50000000e+01  8.00000000e-01  8.00000000e-01  1.00000000e-01  8.00000000e-01 -1.74691541e-08 -3.57507179e-09  2.10442256e-08 -1.56125113e-16 
 2.50000000e+01  8.00000000e-01  8.00000000e-01  1.50000000e-01  8.00000000e-01 -1.45714001e-08 -2.99051006e-09  1.75619102e-08 -1.11022302e-16 
 2.50000000e+01  8.00000000e-01  8.00000000e-01  2.00000000e-01  8.00000000e-01 -1.21357759e-08 -2.47728416e-09  1.46130607e-08 -8.67361738e-17 
 2.50000000e+01  8.00000000e-01  8.00000000e-01  2.50000000e-01  8.00000000e-01 -1.00908966e-08 -2.02909600e-09  1.21199932e-08 -5.89805982e-17 
 2.50000000e+01  8.00000000e-01  8.00000000e-01  3.00000000e-01  8.00000000e-01 -8.37661135e-09 -1.64011205e-09  1.00167245e-08 -5.20417043e-17 
 2.50000000e+01  8.00000000e-01  8.00000000e-01  3.50000000e-01  8.00000000e-01 -6.94176188e-09 -1.30493838e-09  8.24669913e-09 -3.46944695e-17 
 2.50000000e+01  8.00000000e-01  8.00000000e-01  4.00000000e-01  8.00000000e-01 -5.74264707e-09 -1.01857633e-09  6.76122468e-09 -2.77555756e-17 
 2.50000000e+01  8.00000000e-01  8.00000000e-01  4.50000000e-01  8.00000000e-01 -4.74189007e-09 -7.76422482e-10  5.51831194e-09 -2.77555756e-17 
 2.50000000e+01  8.00000000e-01  8.00000000e-01  5.00000000e-01  8.00000000e-01 -3.90750467e-09 -5.74211789e-10  4.48171546e-09 -1.04083409e-17 
 2.50000000e+01  8.00000000e-01  8.00000000e-01  5.50000000e-01  8.00000000e-01 -3.21201756e-09 -4.08014067e-10  3.62003183e-09 -1.04083409e-17 
 2.50000000e+01  8.00000000e-01  8.00000000e-01  6.00000000e-01  8.00000000e-01 -2.63144501e-09 -2.74208212e-10  2.90565380e-09 -3.46944695e-18 
 2.50000000e+01  8.00000000e-01  8.00000000e-01  6.50000000e-01  8.00000000e-01 -2.14337394e-09 -1.69456449e-10  2.31283016e-09 -3.46944695e-18 
 2.50000000e+01  8.00000000e-01  8.00000000e-01  7.00000000e-01  8.00000000e-01 -1.71906893e-09 -9.06847930e-11  1.80975275e-09  0.00000000e+00 
 2.50000000e+01  8.00000000e-01  8.00000000e-01  7.50000000e-01  8.00000000e-01 -1.24703568e-09 -3.50643958e-11  1.28210066e-09  0.00000000e+00 
 2.50000000e+01  8.00000000e-01  8.00000000e-01  8.00000000e-01  8.00000000e-01  2.85053779e-19  0.00000000e+00  2.85060416e-19 -1.04083409e-17 
