 2.50000000e+01  0.00000000e+00  0.00000000e+00  0.00000000e+00  8.00000000e-01  1.11167534e-19  1.64420071e-14  1.11167534e-19 -1.64417091e-14 
 2.50000000e+01  0.00000000e+00  0.00000000e+00  5.00000000e-02  8.00000000e-01  2.05825665e-10  3.64204348e-12 -2.09451253e-10 -1.64590563e-14 
 2.50000000e+01  0.00000000e+00  0.00000000e+00  1.00000000e-01  8.00000000e-01  1.46772288e-09  3.88942084e-12 -1.47159577e-09 -1.65388536e-14 
 2.50000000e+01  0.00000000e+00  0.00000000e+00  1.50000000e-01  8.00000000e-01  8.38436139e-09  1.69608612e-12 -8.38604054e-09 -1.69447789e-14 
 2.50000000e+01  0.00000000e+00  0.00000000e+00  2.00000000e-01  8.00000000e-01  4.02124486e-08  8.20631928e-12 -4.02206363e-08 -1.86552163e-14 
 2.50000000e+01  0.00000000e+00  0.00000000e+00  2.50000000e-01  8.00000000e-01  1.59139620e-07  3.61615042e-11 -1.59175757e-07 -2.43832732e-14 
 2.50000000e+01  0.00000000e+00  0.00000000e+00  3.00000000e-01  8.00000000e-01  4.90240545e-07  1.11431374e-10 -4.90351936e-07 -4.04988543e-14 
 2.50000000e+01  0.00000000e+00  0.00000000e+00  3.50000000e-01  8.00000000e-01  1.13012531e-06  2.38551503e-10 -1.13036378e-06 -8.13203671e-14 
 2.50000000e+01  0.00000000e+00  0.00000000e+00  4.00000000e-01  8.00000000e-01  2.04465979e-06  4.10601376e-10 -2.04507021e-06 -1.79533471e-13 
 2.50000000e+01  0.00000000e+00  0.00000000e+00  4.50000000e-01  8.00000000e-01  3.13621118e-06  6.27816578e-10 -3.13683859e-06 -4.11060075e-13 
 2.50000000e+01  0.00000000e+00  0.00000000e+00  5.00000000e-01  8.00000000e-01  4.32636913e-06  8.93387981e-10 -4.32726156e-06 -9.52436047e-13 
 2.50000000e+01  0.00000000e+00  0.00000000e+00  5.50000000e-01  8.00000000e-01  5.56816379e-06  1.21146654e-09 -5.56937304e-06 -2.21461044e-12 
 2.50000000e+01  0.00000000e+00  0.00000000e+00  6.00000000e-01  8.00000000e-01  6.83439460e-06  1.58709265e-09 -6.83597654e-06 -5.15296139e-12 
 2.50000000e+01  0.00000000e+00  0.00000000e+00  6.50000000e-01  8.00000000e-01  8.10832738e-06  2.02685674e-09 -8.11034225e-06 -1.19851663e-11 
 2.50000000e+01  0.00000000e+00  0.00000000e+00  7.00000000e-01  8.00000000e-01  9.37896554e-06  2.54054719e-09 -9.38147824e-06 -2.78438661e-11 
 2.50000000e+01  0.00000000e+00  0.00000000e+00  7.50000000e-01  8.00000000e-01  1.06388020e-05  3.14492841e-09 -1.06418823e-05 -6.45456050e-11 
 2.50000000e+01  0.00000000e+00  0.00000000e+00  8.00000000e-01  8.00000000e-01  1.18826632e-05  3.87219196e-09 -1.18863864e-05 -1.49026014e-10 
 2.50000000e+01  5.00000000e-02  0.00000000e+00  0.00000000e+00  8.00000000e-01 -2.09451253e-10  3.64204348e-12  2.05825665e-10 -1.64590563e-14 
 2.50000000e+01  5.00000000e-02  0.00000000e+00  5.00000000e-02  8.00000000e-01 -3.62435037e-12  7.26515374e-12 -3.62435037e-12 -1.64590563e-14 
 2.50000000e+01  5.00000000e-02  0.00000000e+00  1.00000000e-01  8.00000000e-01  1.04914868e-09  7.51268541e-12 -1.05664485e-09 -1.65319147e-14 
 2.50000000e+01  5.00000000e-02  0.00000000e+00  1.50000000e-01  8.00000000e-01  6.77401360e-09  5.31966707e-12 -6.77931640e-09 -1.68753900e-14 
 2.50000000e+01  5.00000000e-02  0.00000000e+00  2.00000000e-01  8.00000000e-01  3.35565882e-08  1.18305173e-11 -3.35684004e-08 -1.83637827e-14 
 2.50000000e+01  5.00000000e-02  0.00000000e+00  2.50000000e-01  8.00000000e-01  1.36244431e-07  3.97761088e-11 -1.36284184e-07 -2.34361142e-14 
 2.50000000e+01  5.00000000e-02  0.00000000e+00  3.00000000e-01  8.00000000e-01  4.32577519e-07  1.14962828e-10 -4.32692444e-07 -3.79210552e-14 
 2.50000000e+01  5.00000000e-02  0.00000000e+00  3.50000000e-01  8.00000000e-01  1.02662471e-06  2.41870602e-10 -1.02686651e-06 -7.49816875e-14 
 2.50000000e+01  5.00000000e-02  0.00000000e+00  4.00000000e-01  8.00000000e-01  1.89770943e-06  4.13611202e-10 -1.89812287e-06 -1.64816077e-13 
 2.50000000e+01  5.00000000e-02  0.00000000e+00  4.50000000e-01  8.00000000e-01  2.95253225e-06  6.30447671e-10 -2.95316232e-06 -3.77486237e-13 
 2.50000000e+01  5.00000000e-02  0.00000000e+00  5.00000000e-01  8.00000000e-01  4.11166115e-06  8.95556622e-10 -4.11255583e-06 -8.75868822e-13 
 2.50000000e+01  5.00000000e-02  0.00000000e+00  5.50000000e-01  8.00000000e-01  5.32666681e-06  1.21304276e-09 -5.32787782e-06 -2.03909112e-12 
 2.50000000e+01  5.00000000e-02  0.00000000e+00  6.00000000e-01  8.00000000e-01  6.56942094e-06  1.58785796e-09 -6.57100405e-06 -4.74874653e-12 
 2.50000000e+01  5.00000000e-02  0.00000000e+00  6.50000000e-01  8.00000000e-01  7.82262153e-06  2.02641018e-09 -7.82463689e-06 -1.10519476e-11 
 2.50000000e+01  5.00000000e-02  0.00000000e+00  7.00000000e-01  8.00000000e-01  9.07487805e-06  2.53808601e-09 -9.07739044e-06 -2.56890897e-11 
 2.50000000e+01  5.00000000e-02  0.00000000e+00  7.50000000e-01  8.00000000e-01  1.03183766e-05  3.13874790e-09 -1.03214558e-05 -5.95830052e-11 
 2.50000000e+01  5.00000000e-02  0.00000000e+00  8.00000000e-01  8.00000000e-01  1.15476901e-05  3.85857881e-09 -1.15514110e-05 -1.37668290e-10 
 2.50000000e+01  1.00000000e-01  0.00000000e+00  0.00000000e+00  8.00000000e-01 -1.47159577e-09  3.88942084e-12  1.46772288e-09 -1.65388536e-14 
 2.50000000e+01  1.00000000e-01  0.00000000e+00  5.00000000e-02  8.00000000e-01 -1.05664485e-09  7.51268541e-12  1.04914868e-09 -1.65319147e-14 
 2.50000000e+01  1.00000000e-01  0.00000000e+00  1.00000000e-01  8.00000000e-01 -3.85578115e-12  7.72806878e-12 -3.85578115e-12 -1.65006897e-14 
 2.50000000e+01  1.00000000e-01  0.00000000e+00  1.50000000e-01  8.00000000e-01  4.89910797e-09  5.53665188e-12 -4.90462782e-09 -1.68129399e-14 
 2.50000000e+01  1.00000000e-01  0.00000000e+00  2.00000000e-01  8.00000000e-01  2.74776675e-08  1.20503322e-11 -2.74896997e-08 -1.81070436e-14 
 2.50000000e+01  1.00000000e-01  0.00000000e+00  2.50000000e-01  8.00000000e-01  1.15588060e-07  3.99956497e-11 -1.15628034e-07 -2.26034469e-14 
 2.50000000e+01  1.00000000e-01  0.00000000e+00  3.00000000e-01  8.00000000e-01  3.78980890e-07  1.15126855e-10 -3.79095981e-07 -3.55965257e-14 
 2.50000000e+01  1.00000000e-01  0.00000000e+00  3.50000000e-01  8.00000000e-01  9.27207817e-07  2.41874545e-10 -9.27449622e-07 -6.92293445e-14 
 2.50000000e+01  1.00000000e-01  0.00000000e+00  4.00000000e-01  8.00000000e-01  1.75326675e-06  4.13389468e-10 -1.75367999e-06 -1.51365032e-13 
 2.50000000e+01  1.00000000e-01  0.00000000e+00  4.50000000e-01  8.00000000e-01  2.76939628e-06  6.29966972e-10 -2.77002590e-06 -3.46642853e-13 
 2.50000000e+01  1.00000000e-01  0.00000000e+00  5.00000000e-01  8.00000000e-01  3.89571701e-06  8.94768378e-10 -3.89661098e-06 -8.05366190e-13 
 2.50000000e+01  1.00000000e-01  0.00000000e+00  5.50000000e-01  8.00000000e-01  5.08247754e-06  1.21185026e-09 -5.08368751e-06 -1.87728999e-12 
 2.50000000e+01  1.00000000e-01  0.00000000e+00  6.00000000e-01  8.00000000e-01  6.30061569e-06  1.58607826e-09 -6.30219739e-06 -4.37591977e-12 
 2.50000000e+01  1.00000000e-01  0.00000000e+00  6.50000000e-01  8.00000000e-01  7.53221882e-06  2.02368900e-09 -7.53423232e-06 -1.01908169e-11 
 2.50000000e+01  1.00000000e-01  0.00000000e+00  7.00000000e-01  8.00000000e-01  8.76545489e-06  2.53369614e-09 -8.76796489e-06 -2.36998650e-11 
 2.50000000e+01  1.00000000e-01  0.00000000e+00  7.50000000e-01  8.00000000e-01  9.99216012e-06  3.13112646e-09 -9.99523625e-06 -5.49987347e-11 
 2.50000000e+01  1.00000000e-01  0.00000000e+00  8.00000000e-01  8.00000000e-01  1.12066174e-05  3.84429886e-09 -1.12103345e-05 -1.27165587e-10 
 2.50000000e+01  1.50000000e-01  0.00000000e+00  0.00000000e+00  8.00000000e-01 -8.38604054e-09  1.69608612e-12  8.38436139e-09 -1.69447789e-14 
 2.50000000e+01  1.50000000e-01  0.00000000e+00  5.00000000e-02  8.00000000e-01 -6.77931640e-09  5.31966707e-12  6.77401360e-09 -1.68753900e-14 
 2.50000000e+01  1.50000000e-01  0.00000000e+00  1.00000000e-01  8.00000000e-01 -4.90462782e-09  5.53665188e-12  4.89910797e-09 -1.68129399e-14 
 2.50000000e+01  1.50000000e-01  0.00000000e+00  1.50000000e-01  8.00000000e-01 -1.50144637e-12  3.01964145e-12 -1.50144637e-12 -1.67539593e-14 
 2.50000000e+01  1.50000000e-01  0.00000000e+00  2.00000000e-01  8.00000000e-01  1.98931150e-08  9.54875996e-12 -1.99026459e-08 -1.78711212e-14 
 2.50000000e+01  1.50000000e-01  0.00000000e+00  2.50000000e-01  8.00000000e-01  9.56442562e-08  3.75151484e-11 -9.56817495e-08 -2.18644547e-14 
 2.50000000e+01  1.50000000e-01  0.00000000e+00  3.00000000e-01  8.00000000e-01  3.27718463e-07  1.12644915e-10 -3.27831074e-07 -3.35322048e-14 
 2.50000000e+01  1.50000000e-01  0.00000000e+00  3.50000000e-01  8.00000000e-01  8.29560365e-07  2.39331452e-10 -8.29799633e-07 -6.40321129e-14 
 2.50000000e+01  1.50000000e-01  0.00000000e+00  4.00000000e-01  8.00000000e-01  1.60808148e-06  4.10774692e-10 -1.60849212e-06 -1.39065842e-13 
 2.50000000e+01  1.50000000e-01  0.00000000e+00  4.50000000e-01  8.00000000e-01  2.58260509e-06  6.27303608e-10 -2.58323208e-06 -3.18352983e-13 
 2.50000000e+01  1.50000000e-01  0.00000000e+00  5.00000000e-01  8.00000000e-01  3.67363748e-06  8.92055868e-10 -3.67452880e-06 -7.40508349e-13 
 2.50000000e+01  1.50000000e-01  0.00000000e+00  5.50000000e-01  8.00000000e-01  4.83028873e-06  1.20903204e-09 -4.83149603e-06 -1.72823214e-12 
 2.50000000e+01  1.50000000e-01  0.00000000e+00  6.00000000e-01  8.00000000e-01  6.02250345e-06  1.58301024e-09 -6.02408243e-06 -4.03213921e-12 
 2.50000000e+01  1.50000000e-01  0.00000000e+00  6.50000000e-01  8.00000000e-01  7.23164549e-06  2.02006462e-09 -7.23365616e-06 -9.39634134e-12 
 2.50000000e+01  1.50000000e-01  0.00000000e+00  7.00000000e-01  8.00000000e-01  8.44533550e-06  2.52886215e-09 -8.44784250e-06 -2.18636775e-11 
 2.50000000e+01  1.50000000e-01  0.00000000e+00  7.50000000e-01  8.00000000e-01  9.65497471e-06  3.12365537e-09 -9.65804760e-06 -5.07644066e-11 
 2.50000000e+01  1.50000000e-01  0.00000000e+00  8.00000000e-01  8.00000000e-01  1.08544909e-05  3.83103383e-09 -1.08582044e-05 -1.17454883e-10 
 2.50000000e+01  2.00000000e-01  0.00000000e+00  0.00000000e+00  8.00000000e-01 -4.02206363e-08  8.20631928e-12  4.02124486e-08 -1.86552163e-14 
 2.50000000e+01  2.00000000e-01  0.00000000e+00  5.00000000e-02  8.00000000e-01 -3.35684004e-08  1.18305173e-11  3.35565882e-08 -1.83637827e-14 
 2.50000000e+01  2.00000000e-01  0.00000000e+00  1.00000000e-01  8.00000000e-01 -2.74896997e-08  1.20503322e-11  2.74776675e-08 -1.81070436e-14 
 2.50000000e+01  2.00000000e-01  0.00000000e+00  1.50000000e-01  8.00000000e-01 -1.99026459e-08  9.54875996e-12  1.98931150e-08 -1.78711212e-14 
 2.50000000e+01  2.00000000e-01  0.00000000e+00  2.00000000e-01  8.00000000e-01 -6.60948513e-12  1.32366542e-11 -6.60948513e-12 -1.76941795e-14 
 2.50000000e+01  2.00000000e-01  0.00000000e+00  2.50000000e-01  8.00000000e-01  6.74923900e-08  4.13331778e-11 -6.75337020e-08 -2.12191376e-14 
 2.50000000e+01  2.00000000e-01  0.00000000e+00  3.00000000e-01  8.00000000e-01  2.71732594e-07  1.16589486e-10 -2.71849152e-07 -3.17038062e-14 
 2.50000000e+01  2.00000000e-01  0.00000000e+00  3.50000000e-01  8.00000000e-01  7.25956175e-07  2.43414693e-10 -7.26199531e-07 -5.93518290e-14 
 2.50000000e+01  2.00000000e-01  0.00000000e+00  4.00000000e-01  8.00000000e-01  1.45292628e-06  4.15078614e-10 -1.45334123e-06 -1.27908101e-13 
 2.50000000e+01  2.00000000e-01  0.00000000e+00  4.50000000e-01  8.00000000e-01  2.38168336e-06  6.31933271e-10 -2.38231500e-06 -2.92477847e-13 
 2.50000000e+01  2.00000000e-01  0.00000000e+00  5.00000000e-01  8.00000000e-01  3.43434625e-06  8.97069565e-10 -3.43524264e-06 -6.80955292e-13 
 2.50000000e+01  2.00000000e-01  0.00000000e+00  5.50000000e-01  8.00000000e-01  4.55898977e-06  1.21441558e-09 -4.56020260e-06 -1.59104674e-12 
 2.50000000e+01  2.00000000e-01  0.00000000e+00  6.00000000e-01  8.00000000e-01  5.72430611e-06  1.58865708e-09 -5.72589105e-06 -3.71530237e-12 
 2.50000000e+01  2.00000000e-01  0.00000000e+00  6.50000000e-01  8.00000000e-01  6.91065681e-06  2.02571322e-09 -6.91267386e-06 -8.66354211e-12 
 2.50000000e+01  2.00000000e-01  0.00000000e+00  7.00000000e-01  8.00000000e-01  8.10490127e-06  2.53392895e-09 -8.10741503e-06 -2.01690054e-11 
 2.50000000e+01  2.00000000e-01  0.00000000e+00  7.50000000e-01  8.00000000e-01  9.29785662e-06  3.12684030e-09 -9.30093661e-06 -4.68537709e-11 
 2.50000000e+01  2.00000000e-01  0.00000000e+00  8.00000000e-01  8.00000000e-01  1.04829947e-05  3.82943344e-09 -1.04867157e-05 -1.08477699e-10 
 2.50000000e+01  2.50000000e-01  0.00000000e+00  0.00000000e+00  8.00000000e-01 -1.59175757e-07  3.61615042e-11  1.59139620e-07 -2.43832732e-14 
 2.50000000e+01  2.50000000e-01  0.00000000e+00  5.00000000e-02  8.00000000e-01 -1.36284184e-07  3.97761088e-11  1.36244431e-07 -2.34361142e-14 
 2.50000000e+01  2.50000000e-01  0.00000000e+00  1.00000000e-01  8.00000000e-01 -1.15628034e-07  3.99956497e-11  1.15588060e-07 -2.26034469e-14 
 2.50000000e+01  2.50000000e-01  0.00000000e+00  1.50000000e-01  8.00000000e-01 -9.56817495e-08  3.75151484e-11  9.56442562e-08 -2.18644547e-14 
 2.50000000e+01  2.50000000e-01  0.00000000e+00  2.00000000e-01  8.00000000e-01 -6.75337020e-08  4.13331778e-11  6.74923900e-08 -2.12191376e-14 
 2.50000000e+01  2.50000000e-01  0.00000000e+00  2.50000000e-01  8.00000000e-01 -2.55180090e-11  5.10566793e-11 -2.55180090e-11 -2.06744344e-14 
 2.50000000e+01  2.50000000e-01  0.00000000e+00  3.00000000e-01  8.00000000e-01  1.79659368e-07  1.26957631e-10 -1.79786296e-07 -3.00870440e-14 
 2.50000000e+01  2.50000000e-01  0.00000000e+00  3.50000000e-01  8.00000000e-01  5.88172668e-07  2.54331599e-10 -5.88426944e-07 -5.52058399e-14 
 2.50000000e+01  2.50000000e-01  0.00000000e+00  4.00000000e-01  8.00000000e-01  1.26055141e-06  4.26714403e-10 -1.26097800e-06 -1.17877930e-13 
 2.50000000e+01  2.50000000e-01  0.00000000e+00  4.50000000e-01  8.00000000e-01  2.14035920e-06  6.44489232e-10 -2.14100342e-06 -2.68941119e-13 
 2.50000000e+01  2.50000000e-01  0.00000000e+00  5.00000000e-01  8.00000000e-01  3.15317662e-06  9.10672761e-10 -3.15408666e-06 -6.26432933e-13 
 2.50000000e+01  2.50000000e-01  0.00000000e+00  5.50000000e-01  8.00000000e-01  4.24591152e-06  1.22909965e-09 -4.24713916e-06 -1.46493928e-12 
 2.50000000e+01  2.50000000e-01  0.00000000e+00  6.00000000e-01  8.00000000e-01  5.38544762e-06  1.60435558e-09 -5.38704856e-06 -3.42351147e-12 
 2.50000000e+01  2.50000000e-01  0.00000000e+00  6.50000000e-01  8.00000000e-01  6.55068878e-06  2.04220979e-09 -6.55272301e-06 -7.98788813e-12 
 2.50000000e+01  2.50000000e-01  0.00000000e+00  7.00000000e-01  8.00000000e-01  7.72744086e-06  2.55070736e-09 -7.72997296e-06 -1.86052562e-11 
 2.50000000e+01  2.50000000e-01  0.00000000e+00  7.50000000e-01  8.00000000e-01  8.90576447e-06  3.14272102e-09 -8.90886394e-06 -4.32425692e-11 
 2.50000000e+01  2.50000000e-01  0.00000000e+00  8.00000000e-01  8.00000000e-01  1.00785776e-05  3.84175089e-09 -1.00823192e-05 -1.00179809e-10 
 2.50000000e+01  3.00000000e-01  0.00000000e+00  0.00000000e+00  8.00000000e-01 -4.90351936e-07  1.11431374e-10  4.90240545e-07 -4.04988543e-14 
 2.50000000e+01  3.00000000e-01  0.00000000e+00  5.00000000e-02  8.00000000e-01 -4.32692444e-07  1.14962828e-10  4.32577519e-07 -3.79210552e-14 
 2.50000000e+01  3.00000000e-01  0.00000000e+00  1.00000000e-01  8.00000000e-01 -3.79095981e-07  1.15126855e-10  3.78980890e-07 -3.55965257e-14 
 2.50000000e+01  3.00000000e-01  0.00000000e+00  1.50000000e-01  8.00000000e-01 -3.27831074e-07  1.12644915e-10  3.27718463e-07 -3.35322048e-14 
 2.50000000e+01  3.00000000e-01  0.00000000e+00  2.00000000e-01  8.00000000e-01 -2.71849152e-07  1.16589486e-10  2.71732594e-07 -3.17038062e-14 
 2.50000000e+01  3.00000000e-01  0.00000000e+00  2.50000000e-01  8.00000000e-01 -1.79786296e-07  1.26957631e-10  1.79659368e-07 -3.00870440e-14 
 2.50000000e+01  3.00000000e-01  0.00000000e+00  3.00000000e-01  8.00000000e-01 -7.09491571e-11  1.41927010e-10 -7.09491571e-11 -2.86992652e-14 
 2.50000000e+01  3.00000000e-01  0.00000000e+00  3.50000000e-01  8.00000000e-01  3.58894267e-07  2.70941232e-10 -3.59165157e-07 -5.15490428e-14 
 2.50000000e+01  3.00000000e-01  0.00000000e+00  4.00000000e-01  8.00000000e-01  9.78453221e-07  4.44726548e-10 -9.78897839e-07 -1.08871245e-13 
 2.50000000e+01  3.00000000e-01  0.00000000e+00  4.50000000e-01  8.00000000e-01  1.81220485e-06  6.64205612e-10 -1.81286881e-06 -2.47590143e-13 
 2.50000000e+01  3.00000000e-01  0.00000000e+00  5.00000000e-01  8.00000000e-01  2.78942855e-06  9.32320283e-10 -2.79036029e-06 -5.76594328e-13 
 2.50000000e+01  3.00000000e-01  0.00000000e+00  5.50000000e-01  8.00000000e-01  3.85542121e-06  1.25279945e-09 -3.85667266e-06 -1.34918812e-12 
 2.50000000e+01  3.00000000e-01  0.00000000e+00  6.00000000e-01  8.00000000e-01  4.97467019e-06  1.63011596e-09 -4.97629715e-06 -3.15495199e-12 
 2.50000000e+01  3.00000000e-01  0.00000000e+00  6.50000000e-01  8.00000000e-01  6.12422816e-06  2.06988495e-09 -6.12629068e-06 -7.36515710e-12 
 2.50000000e+01  3.00000000e-01  0.00000000e+00  7.00000000e-01  8.00000000e-01  7.28864274e-06  2.57986372e-09 -7.29120544e-06 -1.71626047e-11 
 2.50000000e+01  3.00000000e-01  0.00000000e+00  7.50000000e-01  8.00000000e-01  8.45713153e-06  3.17230472e-09 -8.46026393e-06 -3.99083509e-11 
 2.50000000e+01  3.00000000e-01  0.00000000e+00  8.00000000e-01  8.00000000e-01  9.62203615e-06  3.86932667e-09 -9.62581297e-06 -9.25109017e-11 
 2.50000000e+01  3.50000000e-01  0.00000000e+00  0.00000000e+00  8.00000000e-01 -1.13036378e-06  2.38551503e-10  1.13012531e-06 -8.13203671e-14 
 2.50000000e+01  3.50000000e-01  0.00000000e+00  5.00000000e-02  8.00000000e-01 -1.02686651e-06  2.41870602e-10  1.02662471e-06 -7.49816875e-14 
 2.50000000e+01  3.50000000e-01  0.00000000e+00  1.00000000e-01  8.00000000e-01 -9.27449622e-07  2.41874545e-10  9.27207817e-07 -6.92293445e-14 
 2.50000000e+01  3.50000000e-01  0.00000000e+00  1.50000000e-01  8.00000000e-01 -8.29799633e-07  2.39331452e-10  8.29560365e-07 -6.40321129e-14 
 2.50000000e+01  3.50000000e-01  0.00000000e+00  2.00000000e-01  8.00000000e-01 -7.26199531e-07  2.43414693e-10  7.25956175e-07 -5.93518290e-14 
 2.50000000e+01  3.50000000e-01  0.00000000e+00  2.50000000e-01  8.00000000e-01 -5.88426944e-07  2.54331599e-10  5.88172668e-07 -5.52058399e-14 
 2.50000000e+01  3.50000000e-01  0.00000000e+00  3.00000000e-01  8.00000000e-01 -3.59165157e-07  2.70941232e-10  3.58894267e-07 -5.15490428e-14 
 2.50000000e+01  3.50000000e-01  0.00000000e+00  3.50000000e-01  8.00000000e-01 -1.46229003e-10  2.92506270e-10 -1.46229003e-10 -4.82704154e-14 
 2.50000000e+01  3.50000000e-01  0.00000000e+00  4.00000000e-01  8.00000000e-01  5.63422638e-07  4.69160203e-10 -5.63891698e-07 -1.00759678e-13 
 2.50000000e+01  3.50000000e-01  0.00000000e+00  4.50000000e-01  8.00000000e-01  1.35629608e-06  6.91024465e-10 -1.35698687e-06 -2.28199404e-13 
 2.50000000e+01  3.50000000e-01  0.00000000e+00  5.00000000e-01  8.00000000e-01  2.30594476e-06  9.61966156e-10 -2.30690620e-06 -5.31012734e-13 
 2.50000000e+01  3.50000000e-01  0.00000000e+00  5.50000000e-01  8.00000000e-01  3.35405888e-06  1.28556433e-09 -3.35534321e-06 -1.24289468e-12 
 2.50000000e+01  3.50000000e-01  0.00000000e+00  6.00000000e-01  8.00000000e-01  4.46183068e-06  1.66616288e-09 -4.46349393e-06 -2.90778859e-12 
 2.50000000e+01  3.50000000e-01  0.00000000e+00  6.50000000e-01  8.00000000e-01  5.60405546e-06  2.10921289e-09 -5.60615789e-06 -6.79122383e-12 
 2.50000000e+01  3.50000000e-01  0.00000000e+00  7.00000000e-01  8.00000000e-01  6.76386496e-06  2.62218591e-09 -6.76647131e-06 -1.58317942e-11 
 2.50000000e+01  3.50000000e-01  0.00000000e+00  7.50000000e-01  8.00000000e-01  7.92959809e-06  3.21674340e-09 -7.93277801e-06 -3.68301500e-11 
 2.50000000e+01  3.50000000e-01  0.00000000e+00  8.00000000e-01  8.00000000e-01  9.09304085e-06  3.91370968e-09 -9.09686913e-06 -8.54241573e-11 
 2.50000000e+01  4.00000000e-01  0.00000000e+00  0.00000000e+00  8.00000000e-01 -2.04507021e-06  4.10601376e-10  2.04465979e-06 -1.79533471e-13 
 2.50000000e+01  4.00000000e-01  0.00000000e+00  5.00000000e-02  8.00000000e-01 -1.89812287e-06  4.13611202e-10  1.89770943e-06 -1.64816077e-13 
 2.50000000e+01  4.00000000e-01  0.00000000e+00  1.00000000e-01  8.00000000e-01 -1.75367999e-06  4.13389468e-10  1.75326675e-06 -1.51365032e-13 
 2.50000000e+01  4.00000000e-01  0.00000000e+00  1.50000000e-01  8.00000000e-01 -1.60849212e-06  4.10774692e-10  1.60808148e-06 -1.39065842e-13 
 2.50000000e+01  4.00000000e-01  0.00000000e+00  2.00000000e-01  8.00000000e-01 -1.45334123e-06  4.15078614e-10  1.45292628e-06 -1.27908101e-13 
 2.50000000e+01  4.00000000e-01  0.00000000e+00  2.50000000e-01  8.00000000e-01 -1.26097800e-06  4.26714403e-10  1.26055141e-06 -1.17877930e-13 
 2.50000000e+01  4.00000000e-01  0.00000000e+00  3.00000000e-01  8.00000000e-01 -9.78897839e-07  4.44726548e-10  9.78453221e-07 -1.08871245e-13 
 2.50000000e+01  4.00000000e-01  0.00000000e+00  3.50000000e-01  8.00000000e-01 -5.63891698e-07  4.69160203e-10  5.63422638e-07 -1.00759678e-13 
 2.50000000e+01  4.00000000e-01  0.00000000e+00  4.00000000e-01  8.00000000e-01 -2.49286211e-10  4.98665804e-10 -2.49286211e-10 -9.33975119e-14 
 2.50000000e+01  4.00000000e-01  0.00000000e+00  4.50000000e-01  8.00000000e-01  7.54255160e-07  7.24801332e-10 -7.54979750e-07 -2.10456652e-13 
 2.50000000e+01  4.00000000e-01  0.00000000e+00  5.00000000e-01  8.00000000e-01  1.68404566e-06  9.99077931e-10 -1.68504425e-06 -4.89209367e-13 
 2.50000000e+01  4.00000000e-01  0.00000000e+00  5.50000000e-01  8.00000000e-01  2.72360796e-06  1.32660691e-09 -2.72493342e-06 -1.14514301e-12 
 2.50000000e+01  4.00000000e-01  0.00000000e+00  6.00000000e-01  8.00000000e-01  3.82939825e-06  1.71151999e-09 -3.83110709e-06 -2.68017900e-12 
 2.50000000e+01  4.00000000e-01  0.00000000e+00  6.50000000e-01  8.00000000e-01  4.97337690e-06  2.15909429e-09 -4.97552973e-06 -6.26213664e-12 
 2.50000000e+01  4.00000000e-01  0.00000000e+00  7.00000000e-01  8.00000000e-01  6.13704997e-06  2.67652483e-09 -6.13971189e-06 -1.46040645e-11 
 2.50000000e+01  4.00000000e-01  0.00000000e+00  7.50000000e-01  8.00000000e-01  7.30782796e-06  3.27491467e-09 -7.31106888e-06 -3.39883642e-11 
 2.50000000e+01  4.00000000e-01  0.00000000e+00  8.00000000e-01  8.00000000e-01  8.47695951e-06  3.97387652e-09 -8.48085451e-06 -7.88758954e-11 
 2.50000000e+01  4.50000000e-01  0.00000000e+00  0.00000000e+00  8.00000000e-01 -3.13683859e-06  6.27816578e-10  3.13621118e-06 -4.11060075e-13 
 2.50000000e+01  4.50000000e-01  0.00000000e+00  5.00000000e-02  8.00000000e-01 -2.95316232e-06  6.30447671e-10  2.95253225e-06 -3.77486237e-13 
 2.50000000e+01  4.50000000e-01  0.00000000e+00  1.00000000e-01  8.00000000e-01 -2.77002590e-06  6.29966972e-10  2.76939628e-06 -3.46642853e-13 
 2.50000000e+01  4.50000000e-01  0.00000000e+00  1.50000000e-01  8.00000000e-01 -2.58323208e-06  6.27303608e-10  2.58260509e-06 -3.18352983e-13 
 2.50000000e+01  4.50000000e-01  0.00000000e+00  2.00000000e-01  8.00000000e-01 -2.38231500e-06  6.31933271e-10  2.38168336e-06 -2.92477847e-13 
 2.50000000e+01  4.50000000e-01  0.00000000e+00  2.50000000e-01  8.00000000e-01 -2.14100342e-06  6.44489232e-10  2.14035920e-06 -2.68941119e-13 
 2.50000000e+01  4.50000000e-01  0.00000000e+00  3.00000000e-01  8.00000000e-01 -1.81286881e-06  6.64205612e-10  1.81220485e-06 -2.47590143e-13 
 2.50000000e+01  4.50000000e-01  0.00000000e+00  3.50000000e-01  8.00000000e-01 -1.35698687e-06  6.91024465e-10  1.35629608e-06 -2.28199404e-13 
 2.50000000e+01  4.50000000e-01  0.00000000e+00  4.00000000e-01  8.00000000e-01 -7.54979750e-07  7.24801332e-10  7.54255160e-07 -2.10456652e-13 
 2.50000000e+01  4.50000000e-01  0.00000000e+00  4.50000000e-01  8.00000000e-01 -3.81759247e-10  7.63712707e-10 -3.81759247e-10 -1.94223110e-13 
 2.50000000e+01  4.50000000e-01  0.00000000e+00  5.00000000e-01  8.00000000e-01  9.16370151e-07  1.04383886e-09 -9.17413539e-07 -4.50778304e-13 
 2.50000000e+01  4.50000000e-01  0.00000000e+00  5.50000000e-01  8.00000000e-01  1.95647196e-06  1.37561162e-09 -1.95784651e-06 -1.05518372e-12 
 2.50000000e+01  4.50000000e-01  0.00000000e+00  6.00000000e-01  8.00000000e-01  3.06975194e-06  1.76551013e-09 -3.07151498e-06 -2.47044399e-12 
 2.50000000e+01  4.50000000e-01  0.00000000e+00  6.50000000e-01  8.00000000e-01  4.22460067e-06  2.21850947e-09 -4.22681341e-06 -5.77427689e-12 
 2.50000000e+01  4.50000000e-01  0.00000000e+00  7.00000000e-01  8.00000000e-01  5.40063714e-06  2.74152692e-09 -5.40336519e-06 -1.34713039e-11 
 2.50000000e+01  4.50000000e-01  0.00000000e+00  7.50000000e-01  8.00000000e-01  6.58428041e-06  3.34514652e-09 -6.58759419e-06 -3.13648066e-11 
 2.50000000e+01  4.50000000e-01  0.00000000e+00  8.00000000e-01  8.00000000e-01  7.76626087e-06  4.04785943e-09 -7.77023591e-06 -7.28255789e-11 
 2.50000000e+01  5.00000000e-01  0.00000000e+00  0.00000000e+00  8.00000000e-01 -4.32726156e-06  8.93387981e-10  4.32636913e-06 -9.52436047e-13 
 2.50000000e+01  5.00000000e-01  0.00000000e+00  5.00000000e-02  8.00000000e-01 -4.11255583e-06  8.95556622e-10  4.11166115e-06 -8.75868822e-13 
 2.50000000e+01  5.00000000e-01  0.00000000e+00  1.00000000e-01  8.00000000e-01 -3.89661098e-06  8.94768378e-10  3.89571701e-06 -8.05366190e-13 
 2.50000000e+01  5.00000000e-01  0.00000000e+00  1.50000000e-01  8.00000000e-01 -3.67452880e-06  8.92055868e-10  3.67363748e-06 -7.40508349e-13 
 2.50000000e+01  5.00000000e-01  0.00000000e+00  2.00000000e-01  8.00000000e-01 -3.43524264e-06  8.97069565e-10  3.43434625e-06 -6.80955292e-13 
 2.50000000e+01  5.00000000e-01  0.00000000e+00  2.50000000e-01  8.00000000e-01 -3.15408666e-06  9.10672761e-10  3.15317662e-06 -6.26432933e-13 
 2.50000000e+01  5.00000000e-01  0.00000000e+00  3.00000000e-01  8.00000000e-01 -2.79036029e-06  9.32320283e-10  2.78942855e-06 -5.76594328e-13 
 2.50000000e+01  5.00000000e-01  0.00000000e+00  3.50000000e-01  8.00000000e-01 -2.30690620e-06  9.61966156e-10  2.30594476e-06 -5.31012734e-13 
 2.50000000e+01  5.00000000e-01  0.00000000e+00  4.00000000e-01  8.00000000e-01 -1.68504425e-06  9.99077931e-10  1.68404566e-06 -4.89209367e-13 
 2.50000000e+01  5.00000000e-01  0.00000000e+00  4.50000000e-01  8.00000000e-01 -9.17413539e-07  1.04383886e-09  9.16370151e-07 -4.50778304e-13 
 2.50000000e+01  5.00000000e-01  0.00000000e+00  5.00000000e-01  8.00000000e-01 -5.46679410e-10  1.09377428e-09 -5.46679410e-10 -4.15452395e-13 
 2.50000000e+01  5.00000000e-01  0.00000000e+00  5.50000000e-01  8.00000000e-01  1.04908809e-06  1.43315277e-09 -1.05052027e-06 -9.72361081e-13 
 2.50000000e+01  5.00000000e-01  0.00000000e+00  6.00000000e-01  8.00000000e-01  2.17940551e-06  1.82817279e-09 -2.18123140e-06 -2.27714722e-12 
 2.50000000e+01  5.00000000e-01  0.00000000e+00  6.50000000e-01  8.00000000e-01  3.35433659e-06  2.28715539e-09 -3.35661842e-06 -5.32435207e-12 
 2.50000000e+01  5.00000000e-01  0.00000000e+00  7.00000000e-01  8.00000000e-01  4.55130286e-06  2.81655371e-09 -4.55410699e-06 -1.24261192e-11 
 2.50000000e+01  5.00000000e-01  0.00000000e+00  7.50000000e-01  8.00000000e-01  5.75565594e-06  3.42644022e-09 -5.75905343e-06 -2.89427267e-11 
 2.50000000e+01  5.00000000e-01  0.00000000e+00  8.00000000e-01  8.00000000e-01  6.95762719e-06  4.13426675e-09 -6.96169422e-06 -6.72357101e-11 
 2.50000000e+01  5.50000000e-01  0.00000000e+00  0.00000000e+00  8.00000000e-01 -5.56937304e-06  1.21146654e-09  5.56816379e-06 -2.21461044e-12 
 2.50000000e+01  5.50000000e-01  0.00000000e+00  5.00000000e-02  8.00000000e-01 -5.32787782e-06  1.21304276e-09  5.32666681e-06 -2.03909112e-12 
 2.50000000e+01  5.50000000e-01  0.00000000e+00  1.00000000e-01  8.00000000e-01 -5.08368751e-06  1.21185026e-09  5.08247754e-06 -1.87728999e-12 
 2.50000000e+01  5.50000000e-01  0.00000000e+00  1.50000000e-01  8.00000000e-01 -4.83149603e-06  1.20903204e-09  4.83028873e-06 -1.72823214e-12 
 2.50000000e+01  5.50000000e-01  0.00000000e+00  2.00000000e-01  8.00000000e-01 -4.56020260e-06  1.21441558e-09  4.55898977e-06 -1.59104674e-12 
 2.50000000e+01  5.50000000e-01  0.00000000e+00  2.50000000e-01  8.00000000e-01 -4.24713916e-06  1.22909965e-09  4.24591152e-06 -1.46493928e-12 
 2.50000000e+01  5.50000000e-01  0.00000000e+00  3.00000000e-01  8.00000000e-01 -3.85667266e-06  1.25279945e-09  3.85542121e-06 -1.34918812e-12 
 2.50000000e+01  5.50000000e-01  0.00000000e+00  3.50000000e-01  8.00000000e-01 -3.35534321e-06  1.28556433e-09  3.35405888e-06 -1.24289468e-12 
 2.50000000e+01  5.50000000e-01  0.00000000e+00  4.00000000e-01  8.00000000e-01 -2.72493342e-06  1.32660691e-09  2.72360796e-06 -1.14514301e-12 
 2.50000000e+01  5.50000000e-01  0.00000000e+00  4.50000000e-01  8.00000000e-01 -1.95784651e-06  1.37561162e-09  1.95647196e-06 -1.05518372e-12 
 2.50000000e+01  5.50000000e-01  0.00000000e+00  5.00000000e-01  8.00000000e-01 -1.05052027e-06  1.43315277e-09  1.04908809e-06 -9.72361081e-13 
 2.50000000e+01  5.50000000e-01  0.00000000e+00  5.50000000e-01  8.00000000e-01 -7.47487188e-10  1.49587043e-09 -7.47487188e-10 -8.96054064e-13 
 2.50000000e+01  5.50000000e-01  0.00000000e+00  6.00000000e-01  8.00000000e-01  1.15632057e-06  1.90044049e-09 -1.15821891e-06 -2.09896336e-12 
 2.50000000e+01  5.50000000e-01  0.00000000e+00  6.50000000e-01  8.00000000e-01  2.36073459e-06  2.36537881e-09 -2.36309505e-06 -4.90940275e-12 
 2.50000000e+01  5.50000000e-01  0.00000000e+00  7.00000000e-01  8.00000000e-01  3.58735331e-06  2.90164752e-09 -3.59024350e-06 -1.14617205e-11 
 2.50000000e+01  5.50000000e-01  0.00000000e+00  7.50000000e-01  8.00000000e-01  4.82037208e-06  3.51855557e-09 -4.82386393e-06 -2.67067375e-11 
 2.50000000e+01  5.50000000e-01  0.00000000e+00  8.00000000e-01  8.00000000e-01  6.04954201e-06  4.23254505e-09 -6.05371249e-06 -6.20715805e-11 
 2.50000000e+01  6.00000000e-01  0.00000000e+00  0.00000000e+00  8.00000000e-01 -6.83597654e-06  1.58709265e-09  6.83439460e-06 -5.15296139e-12 
 2.50000000e+01  6.00000000e-01  0.00000000e+00  5.00000000e-02  8.00000000e-01 -6.57100405e-06  1.58785796e-09  6.56942094e-06 -4.74874653e-12 
 2.50000000e+01  6.00000000e-01  0.00000000e+00  1.00000000e-01  8.00000000e-01 -6.30219739e-06  1.58607826e-09  6.30061569e-06 -4.37591977e-12 
 2.50000000e+01  6.00000000e-01  0.00000000e+00  1.50000000e-01  8.00000000e-01 -6.02408243e-06  1.58301024e-09  6.02250345e-06 -4.03213921e-12 
 2.50000000e+01  6.00000000e-01  0.00000000e+00  2.00000000e-01  8.00000000e-01 -5.72589105e-06  1.58865708e-09  5.72430611e-06 -3.71530237e-12 
 2.50000000e+01  6.00000000e-01  0.00000000e+00  2.50000000e-01  8.00000000e-01 -5.38704856e-06  1.60435558e-09  5.38544762e-06 -3.42351147e-12 
 2.50000000e+01  6.00000000e-01  0.00000000e+00  3.00000000e-01  8.00000000e-01 -4.97629715e-06  1.63011596e-09  4.97467019e-06 -3.15495199e-12 
 2.50000000e+01  6.00000000e-01  0.00000000e+00  3.50000000e-01  8.00000000e-01 -4.46349393e-06  1.66616288e-09  4.46183068e-06 -2.90778859e-12 
 2.50000000e+01  6.00000000e-01  0.00000000e+00  4.00000000e-01  8.00000000e-01 -3.83110709e-06  1.71151999e-09  3.82939825e-06 -2.68017900e-12 
 2.50000000e+01  6.00000000e-01  0.00000000e+00  4.50000000e-01  8.00000000e-01 -3.07151498e-06  1.76551013e-09  3.06975194e-06 -2.47044399e-12 
 2.50000000e+01  6.00000000e-01  0.00000000e+00  5.00000000e-01  8.00000000e-01 -2.18123140e-06  1.82817279e-09  2.17940551e-06 -2.27714722e-12 
 2.50000000e+01  6.00000000e-01  0.00000000e+00  5.50000000e-01  8.00000000e-01 -1.15821891e-06  1.90044049e-09  1.15632057e-06 -2.09896336e-12 
 2.50000000e+01  6.00000000e-01  0.00000000e+00  6.00000000e-01  8.00000000e-01 -9.87948894e-10  1.97783249e-09 -9.87948894e-10 -1.93470587e-12 
 2.50000000e+01  6.00000000e-01  0.00000000e+00  6.50000000e-01  8.00000000e-01  1.24253080e-06  2.45445337e-09 -1.24498073e-06 -4.52670193e-12 
 2.50000000e+01  6.00000000e-01  0.00000000e+00  7.00000000e-01  8.00000000e-01  2.50772184e-06  2.99740882e-09 -2.51070867e-06 -1.05718767e-11 
 2.50000000e+01  6.00000000e-01  0.00000000e+00  7.50000000e-01  8.00000000e-01  3.77751720e-06  3.62180873e-09 -3.78111437e-06 -2.46425692e-11 
 2.50000000e+01  6.00000000e-01  0.00000000e+00  8.00000000e-01  8.00000000e-01  5.04120691e-06  4.34277034e-09 -5.04549238e-06 -5.73011083e-11 
 2.50000000e+01  6.50000000e-01  0.00000000e+00  0.00000000e+00  8.00000000e-01 -8.11034225e-06  2.02685674e-09  8.10832738e-06 -1.19851663e-11 
 2.50000000e+01  6.50000000e-01  0.00000000e+00  5.00000000e-02  8.00000000e-01 -7.82463689e-06  2.02641018e-09  7.82262153e-06 -1.10519476e-11 
 2.50000000e+01  6.50000000e-01  0.00000000e+00  1.00000000e-01  8.00000000e-01 -7.53423232e-06  2.02368900e-09  7.53221882e-06 -1.01908169e-11 
 2.50000000e+01  6.50000000e-01  0.00000000e+00  1.50000000e-01  8.00000000e-01 -7.23365616e-06  2.02006462e-09  7.23164549e-06 -9.39634134e-12 
 2.50000000e+01  6.50000000e-01  0.00000000e+00  2.00000000e-01  8.00000000e-01 -6.91267386e-06  2.02571322e-09  6.91065681e-06 -8.66354211e-12 
 2.50000000e+01  6.50000000e-01  0.00000000e+00  2.50000000e-01  8.00000000e-01 -6.55272301e-06  2.04220979e-09  6.55068878e-06 -7.98788813e-12 
 2.50000000e+01  6.50000000e-01  0.00000000e+00  3.00000000e-01  8.00000000e-01 -6.12629068e-06  2.06988495e-09  6.12422816e-06 -7.36515710e-12 
 2.50000000e+01  6.50000000e-01  0.00000000e+00  3.50000000e-01  8.00000000e-01 -5.60615789e-06  2.10921289e-09  5.60405546e-06 -6.79122383e-12 
 2.50000000e+01  6.50000000e-01  0.00000000e+00  4.00000000e-01  8.00000000e-01 -4.97552973e-06  2.15909429e-09  4.97337690e-06 -6.26213664e-12 
 2.50000000e+01  6.50000000e-01  0.00000000e+00  4.50000000e-01  8.00000000e-01 -4.22681341e-06  2.21850947e-09  4.22460067e-06 -5.77427689e-12 
 2.50000000e+01  6.50000000e-01  0.00000000e+00  5.00000000e-01  8.00000000e-01 -3.35661842e-06  2.28715539e-09  3.35433659e-06 -5.32435207e-12 
 2.50000000e+01  6.50000000e-01  0.00000000e+00  5.50000000e-01  8.00000000e-01 -2.36309505e-06  2.36537881e-09  2.36073459e-06 -4.90940275e-12 
 2.50000000e+01  6.50000000e-01  0.00000000e+00  6.00000000e-01  8.00000000e-01 -1.24498073e-06  2.45445337e-09  1.24253080e-06 -4.52670193e-12 
 2.50000000e+01  6.50000000e-01  0.00000000e+00  6.50000000e-01  8.00000000e-01 -1.27218042e-09  2.54853456e-09 -1.27218042e-09 -4.17371693e-12 
 2.50000000e+01  6.50000000e-01  0.00000000e+00  7.00000000e-01  8.00000000e-01  1.31161629e-06  3.10545629e-09 -1.31471199e-06 -9.75082168e-12 
 2.50000000e+01  6.50000000e-01  0.00000000e+00  7.50000000e-01  8.00000000e-01  2.62647054e-06  3.73701978e-09 -2.63018482e-06 -2.27371177e-11 
 2.50000000e+01  6.50000000e-01  0.00000000e+00  8.00000000e-01  8.00000000e-01  3.93213293e-06  4.46547469e-09 -3.93654551e-06 -5.28945880e-11 
 2.50000000e+01  7.00000000e-01  0.00000000e+00  0.00000000e+00  8.00000000e-01 -9.38147824e-06  2.54054719e-09  9.37896554e-06 -2.78438661e-11 
 2.50000000e+01  7.00000000e-01  0.00000000e+00  5.00000000e-02  8.00000000e-01 -9.07739044e-06  2.53808601e-09  9.07487805e-06 -2.56890897e-11 
 2.50000000e+01  7.00000000e-01  0.00000000e+00  1.00000000e-01  8.00000000e-01 -8.76796489e-06  2.53369614e-09  8.76545489e-06 -2.36998650e-11 
 2.50000000e+01  7.00000000e-01  0.00000000e+00  1.50000000e-01  8.00000000e-01 -8.44784250e-06  2.52886215e-09  8.44533550e-06 -2.18636775e-11 
 2.50000000e+01  7.00000000e-01  0.00000000e+00  2.00000000e-01  8.00000000e-01 -8.10741503e-06  2.53392895e-09  8.10490127e-06 -2.01690054e-11 
 2.50000000e+01  7.00000000e-01  0.00000000e+00  2.50000000e-01  8.00000000e-01 -7.72997296e-06  2.55070736e-09  7.72744086e-06 -1.86052562e-11 
 2.50000000e+01  7.00000000e-01  0.00000000e+00  3.00000000e-01  8.00000000e-01 -7.29120544e-06  2.57986372e-09  7.28864274e-06 -1.71626047e-11 
 2.50000000e+01  7.00000000e-01  0.00000000e+00  3.50000000e-01  8.00000000e-01 -6.76647131e-06  2.62218591e-09  6.76386496e-06 -1.58317942e-11 
 2.50000000e+01  7.00000000e-01  0.00000000e+00  4.00000000e-01  8.00000000e-01 -6.13971189e-06  2.67652483e-09  6.13704997e-06 -1.46040645e-11 
 2.50000000e+01  7.00000000e-01  0.00000000e+00  4.50000000e-01  8.00000000e-01 -5.40336519e-06  2.74152692e-09  5.40063714e-06 -1.34713039e-11 
 2.50000000e+01  7.00000000e-01  0.00000000e+00  5.00000000e-01  8.00000000e-01 -4.55410699e-06  2.81655371e-09  4.55130286e-06 -1.24261192e-11 
 2.50000000e+01  7.00000000e-01  0.00000000e+00  5.50000000e-01  8.00000000e-01 -3.59024350e-06  2.90164752e-09  3.58735331e-06 -1.14617205e-11 
 2.50000000e+01  7.00000000e-01  0.00000000e+00  6.00000000e-01  8.00000000e-01 -2.51070867e-06  2.99740882e-09  2.50772184e-06 -1.05718767e-11 
 2.50000000e+01  7.00000000e-01  0.00000000e+00  6.50000000e-01  8.00000000e-01 -1.31471199e-06  3.10545629e-09  1.31161629e-06 -9.75082168e-12 
 2.50000000e+01  7.00000000e-01  0.00000000e+00  7.00000000e-01  8.00000000e-01 -1.60466479e-09  3.21832285e-09 -1.60466479e-09 -8.99326447e-12 
 2.50000000e+01  7.00000000e-01  0.00000000e+00  7.50000000e-01  8.00000000e-01  1.36675941e-06  3.86616992e-09 -1.37060461e-06 -2.09782608e-11 
 2.50000000e+01  7.00000000e-01  0.00000000e+00  8.00000000e-01  8.00000000e-01  2.72198547e-06  4.60167696e-09 -2.72653832e-06 -4.88245312e-11 
 2.50000000e+01  7.50000000e-01  0.00000000e+00  0.00000000e+00  8.00000000e-01 -1.06418823e-05  3.14492841e-09  1.06388020e-05 -6.45456050e-11 
 2.50000000e+01  7.50000000e-01  0.00000000e+00  5.00000000e-02  8.00000000e-01 -1.03214558e-05  3.13874790e-09  1.03183766e-05 -5.95830052e-11 
 2.50000000e+01  7.50000000e-01  0.00000000e+00  1.00000000e-01  8.00000000e-01 -9.99523625e-06  3.13112646e-09  9.99216012e-06 -5.49987347e-11 
 2.50000000e+01  7.50000000e-01  0.00000000e+00  1.50000000e-01  8.00000000e-01 -9.65804760e-06  3.12365537e-09  9.65497471e-06 -5.07644066e-11 
 2.50000000e+01  7.50000000e-01  0.00000000e+00  2.00000000e-01  8.00000000e-01 -9.30093661e-06  3.12684030e-09  9.29785662e-06 -4.68537709e-11 
 2.50000000e+01  7.50000000e-01  0.00000000e+00  2.50000000e-01  8.00000000e-01 -8.90886394e-06  3.14272102e-09  8.90576447e-06 -4.32425692e-11 
 2.50000000e+01  7.50000000e-01  0.00000000e+00  3.00000000e-01  8.00000000e-01 -8.46026393e-06  3.17230472e-09  8.45713153e-06 -3.99083509e-11 
 2.50000000e+01  7.50000000e-01  0.00000000e+00  3.50000000e-01  8.00000000e-01 -7.93277801e-06  3.21674340e-09  7.92959809e-06 -3.68301500e-11 
 2.50000000e+01  7.50000000e-01  0.00000000e+00  4.00000000e-01  8.00000000e-01 -7.31106888e-06  3.27491467e-09  7.30782796e-06 -3.39883642e-11 
 2.50000000e+01  7.50000000e-01  0.00000000e+00  4.50000000e-01  8.00000000e-01 -6.58759419e-06  3.34514652e-09  6.58428041e-06 -3.13648066e-11 
 2.50000000e+01  7.50000000e-01  0.00000000e+00  5.00000000e-01  8.00000000e-01 -5.75905343e-06  3.42644022e-09  5.75565594e-06 -2.89427267e-11 
 2.50000000e+01  7.50000000e-01  0.00000000e+00  5.50000000e-01  8.00000000e-01 -4.82386393e-06  3.51855557e-09  4.82037208e-06 -2.67067375e-11 
 2.50000000e+01  7.50000000e-01  0.00000000e+00  6.00000000e-01  8.00000000e-01 -3.78111437e-06  3.62180873e-09  3.77751720e-06 -2.46425692e-11 
 2.50000000e+01  7.50000000e-01  0.00000000e+00  6.50000000e-01  8.00000000e-01 -2.63018482e-06  3.73701978e-09  2.62647054e-06 -2.27371177e-11 
 2.50000000e+01  7.50000000e-01  0.00000000e+00  7.00000000e-01  8.00000000e-01 -1.37060461e-06  3.86616992e-09  1.36675941e-06 -2.09782608e-11 
 2.50000000e+01  7.50000000e-01  0.00000000e+00  7.50000000e-01  8.00000000e-01 -1.99026692e-09  3.99988858e-09 -1.99026692e-09 -1.93547504e-11 
 2.50000000e+01  7.50000000e-01  0.00000000e+00  8.00000000e-01  8.00000000e-01  1.41052032e-06  4.75374559e-09 -1.41522900e-06 -4.50655138e-11 
 2.50000000e+01  8.00000000e-01  0.00000000e+00  0.00000000e+00  8.00000000e-01 -1.18863864e-05  3.87219196e-09  1.18826632e-05 -1.49026014e-10 
 2.50000000e+01  8.00000000e-01  0.00000000e+00  5.00000000e-02  8.00000000e-01 -1.15514110e-05  3.85857881e-09  1.15476901e-05 -1.37668290e-10 
 2.50000000e+01  8.00000000e-01  0.00000000e+00  1.00000000e-01  8.00000000e-01 -1.12103345e-05  3.84429886e-09  1.12066174e-05 -1.27165587e-10 
 2.50000000e+01  8.00000000e-01  0.00000000e+00  1.50000000e-01  8.00000000e-01 -1.08582044e-05  3.83103383e-09  1.08544909e-05 -1.17454883e-10 
 2.50000000e+01  8.00000000e-01  0.00000000e+00  2.00000000e-01  8.00000000e-01 -1.04867157e-05  3.82943344e-09  1.04829947e-05 -1.08477699e-10 
 2.50000000e+01  8.00000000e-01  0.00000000e+00  2.50000000e-01  8.00000000e-01 -1.00823192e-05  3.84175089e-09  1.00785776e-05 -1.00179809e-10 
 2.50000000e+01  8.00000000e-01  0.00000000e+00  3.00000000e-01  8.00000000e-01 -9.62581297e-06  3.86932667e-09  9.62203615e-06 -9.25109017e-11 
 2.50000000e+01  8.00000000e-01  0.00000000e+00  3.50000000e-01  8.00000000e-01 -9.09686913e-06  3.91370968e-09  9.09304085e-06 -8.54241573e-11 
 2.50000000e+01  8.00000000e-01  0.00000000e+00  4.00000000e-01  8.00000000e-01 -8.48085451e-06  3.97387652e-09  8.47695951e-06 -7.88758954e-11 
 2.50000000e+01  8.00000000e-01  0.00000000e+00  4.50000000e-01  8.00000000e-01 -7.77023591e-06  4.04785943e-09  7.76626087e-06 -7.28255789e-11 
 2.50000000e+01  8.00000000e-01  0.00000000e+00  5.00000000e-01  8.00000000e-01 -6.96169422e-06  4.13426675e-09  6.95762719e-06 -6.72357101e-11 
 2.50000000e+01  8.00000000e-01  0.00000000e+00  5.50000000e-01  8.00000000e-01 -6.05371249e-06  4.23254505e-09  6.04954201e-06 -6.20715805e-11 
 2.50000000e+01  8.00000000e-01  0.00000000e+00  6.00000000e-01  8.00000000e-01 -5.04549238e-06  4.34277034e-09  5.04120691e-06 -5.73011083e-11 
 2.50000000e+01  8.00000000e-01  0.00000000e+00  6.50000000e-01  8.00000000e-01 -3.93654551e-06  4.46547469e-09  3.93213293e-06 -5.28945880e-11 
 2.50000000e+01  8.00000000e-01  0.00000000e+00  7.00000000e-01  8.00000000e-01 -2.72653832e-06  4.60167696e-09  2.72198547e-06 -4.88245312e-11 
 2.50000000e+01  8.00000000e-01  0.00000000e+00  7.50000000e-01  8.00000000e-01 -1.41522900e-06  4.75374559e-09  1.41052032e-06 -4.50655138e-11 
 2.50000000e+01  8.00000000e-01  0.00000000e+00  8.00000000e-01  8.00000000e-01 -2.43425189e-09  4.91009777e-09 -2.43425189e-09 -4.15939817e-11 
